case,method,seed,status,elapsed_us,probes,primes,images,support_reuses,support_fallbacks,probes_by_prime,prime_policy,oracle,num_terms,den_terms,setup_ms,selected_methods
fire7_nb0_rank0001,Automatic,1,ok,35548.911,1732,2,1,0,0,2305843009213693967:1729;2305843009213693973:3,Symbolica_default,cached_powers_Q,858,414,8.589,BalancedZippelSeparated
fire7_nb0_rank0002,Automatic,1,ok,44187.952,1934,2,1,0,0,2305843009213693967:1931;2305843009213693973:3,Symbolica_default,cached_powers_Q,877,414,8.288,BalancedZippelSeparated
fire7_nb0_rank0003,Automatic,1,ok,27912.326,1452,2,1,0,0,2305843009213693967:1449;2305843009213693973:3,Symbolica_default,cached_powers_Q,753,243,5.782,BalancedZippelSeparated
fire7_nb0_rank0004,Automatic,1,ok,22082.295,1277,2,1,0,0,2305843009213693967:1274;2305843009213693973:3,Symbolica_default,cached_powers_Q,722,243,7.533,BalancedZippelSeparated
fire7_nb0_rank0005,Automatic,1,ok,24421.233,1408,2,1,0,0,2305843009213693967:1405;2305843009213693973:3,Symbolica_default,cached_powers_Q,739,224,7.543,BalancedZippelSeparated
fire7_nb0_rank0006,Automatic,1,ok,23147.770,1355,2,1,0,0,2305843009213693967:1352;2305843009213693973:3,Symbolica_default,cached_powers_Q,720,224,8.881,BalancedZippelSeparated
fire7_nb0_rank0007,Automatic,1,ok,19317.746,1165,2,1,0,0,2305843009213693967:1162;2305843009213693973:3,Symbolica_default,cached_powers_Q,648,261,7.309,BalancedZippelSeparated
fire7_nb0_rank0008,Automatic,1,ok,21808.215,1165,2,1,0,0,2305843009213693967:1162;2305843009213693973:3,Symbolica_default,cached_powers_Q,645,261,5.293,BalancedZippelSeparated
fire7_nb0_rank0009,Automatic,1,ok,18328.303,1151,2,1,0,0,2305843009213693967:1148;2305843009213693973:3,Symbolica_default,cached_powers_Q,578,261,7.359,BalancedZippelSeparated
fire7_nb0_rank0010,Automatic,1,ok,22548.638,1324,2,1,0,0,2305843009213693967:1321;2305843009213693973:3,Symbolica_default,cached_powers_Q,639,196,6.275,BalancedZippelSeparated
fire7_nb0_rank0011,Automatic,1,ok,23039.239,1338,2,1,0,0,2305843009213693967:1335;2305843009213693973:3,Symbolica_default,cached_powers_Q,640,196,5.147,BalancedZippelSeparated
fire7_nb0_rank0012,Automatic,1,ok,13817.187,879,2,1,0,0,2305843009213693967:876;2305843009213693973:3,Symbolica_default,cached_powers_Q,431,369,3.033,BalancedZippelSeparated
fire7_nb0_rank0013,Automatic,1,ok,18918.945,1109,2,1,0,0,2305843009213693967:1106;2305843009213693973:3,Symbolica_default,cached_powers_Q,534,232,4.968,BalancedZippelSeparated
fire7_nb0_rank0014,Automatic,1,ok,16707.177,964,2,1,0,0,2305843009213693967:961;2305843009213693973:3,Symbolica_default,cached_powers_Q,572,198,4.825,BalancedZippelSeparated
fire7_nb0_rank0015,Automatic,1,ok,17159.539,979,2,1,0,0,2305843009213693967:976;2305843009213693973:3,Symbolica_default,cached_powers_Q,530,232,4.882,BalancedZippelSeparated
fire7_nb0_rank0016,Automatic,1,ok,18661.844,1103,2,1,0,0,2305843009213693967:1100;2305843009213693973:3,Symbolica_default,cached_powers_Q,530,232,6.816,BalancedZippelSeparated
fire7_nb0_rank0017,Automatic,1,ok,20886.692,1142,2,1,0,0,2305843009213693967:1139;2305843009213693973:3,Symbolica_default,cached_powers_Q,567,189,4.872,BalancedZippelSeparated
fire7_nb0_rank0018,Automatic,1,ok,17595.420,1211,2,1,0,0,2305843009213693967:1208;2305843009213693973:3,Symbolica_default,cached_powers_Q,566,189,6.750,BalancedZippelSeparated
fire7_nb0_rank0019,Automatic,1,ok,20705.211,1090,2,1,0,0,2305843009213693967:1087;2305843009213693973:3,Symbolica_default,cached_powers_Q,567,168,4.796,BalancedZippelSeparated
fire7_nb0_rank0020,Automatic,1,ok,13165.925,879,2,1,0,0,2305843009213693967:876;2305843009213693973:3,Symbolica_default,cached_powers_Q,539,189,4.721,BalancedZippelSeparated
fire7_nb0_rank0021,Automatic,1,ok,16217.606,1028,2,1,0,0,2305843009213693967:1025;2305843009213693973:3,Symbolica_default,cached_powers_Q,407,312,4.597,BalancedZippelSeparated
fire7_nb0_rank0022,Automatic,1,ok,19241.616,1067,2,1,0,0,2305843009213693967:1064;2305843009213693973:3,Symbolica_default,cached_powers_Q,550,168,4.639,BalancedZippelSeparated
fire7_nb0_rank0023,Automatic,1,ok,21906.925,946,2,1,0,0,2305843009213693967:943;2305843009213693973:3,Symbolica_default,cached_powers_Q,482,240,6.800,BalancedZippelSeparated
fire7_nb0_rank0024,Automatic,1,ok,22993.739,986,2,1,0,0,2305843009213693967:983;2305843009213693973:3,Symbolica_default,cached_powers_Q,497,240,7.076,BalancedZippelSeparated
fire7_nb0_rank0025,Automatic,1,ok,19388.946,808,2,1,0,0,2305843009213693967:805;2305843009213693973:3,Symbolica_default,cached_powers_Q,395,328,6.813,BalancedZippelSeparated
fire7_nb0_rank0026,Automatic,1,ok,23076.919,1030,2,1,0,0,2305843009213693967:1027;2305843009213693973:3,Symbolica_default,cached_powers_Q,532,168,8.994,BalancedZippelSeparated
fire7_nb0_rank0027,Automatic,1,ok,16739.427,826,2,1,0,0,2305843009213693967:823;2305843009213693973:3,Symbolica_default,cached_powers_Q,451,232,6.553,BalancedZippelSeparated
fire7_nb0_rank0028,Automatic,1,ok,19266.906,869,2,1,0,0,2305843009213693967:866;2305843009213693973:3,Symbolica_default,cached_powers_Q,482,147,6.299,BalancedZippelSeparated
fire7_nb0_rank0029,Automatic,1,ok,14609.520,765,2,1,0,0,2305843009213693967:762;2305843009213693973:3,Symbolica_default,cached_powers_Q,451,162,6.335,BalancedZippelSeparated
fire7_nb0_rank0030,Automatic,1,ok,24248.713,1018,2,1,0,0,2305843009213693967:1015;2305843009213693973:3,Symbolica_default,cached_powers_Q,504,126,6.385,BalancedZippelSeparated
fire7_nb0_rank0031,Automatic,1,ok,20924.052,1001,2,1,0,0,2305843009213693967:998;2305843009213693973:3,Symbolica_default,cached_powers_Q,471,147,6.453,BalancedZippelSeparated
fire7_nb0_rank0032,Automatic,1,ok,18471.643,840,2,1,0,0,2305843009213693967:837;2305843009213693973:3,Symbolica_default,cached_powers_Q,449,153,6.361,BalancedZippelSeparated
fire7_nb0_rank0033,Automatic,1,ok,17157.809,761,2,1,0,0,2305843009213693967:758;2305843009213693973:3,Symbolica_default,cached_powers_Q,404,192,8.557,BalancedZippelSeparated
fire7_nb0_rank0034,Automatic,1,ok,19481.487,901,2,1,0,0,2305843009213693967:898;2305843009213693973:3,Symbolica_default,cached_powers_Q,458,144,6.151,BalancedZippelSeparated
fire7_nb0_rank0035,Automatic,1,ok,16403.926,869,2,1,0,0,2305843009213693967:866;2305843009213693973:3,Symbolica_default,cached_powers_Q,445,154,6.272,BalancedZippelSeparated
fire7_nb0_rank0036,Automatic,1,ok,16331.126,868,2,1,0,0,2305843009213693967:865;2305843009213693973:3,Symbolica_default,cached_powers_Q,431,168,6.326,BalancedZippelSeparated
fire7_nb0_rank0037,Automatic,1,ok,17511.500,799,2,1,0,0,2305843009213693967:796;2305843009213693973:3,Symbolica_default,cached_powers_Q,405,168,6.031,BalancedZippelSeparated
fire7_nb0_rank0038,Automatic,1,ok,23136.310,1005,2,1,0,0,2305843009213693967:1002;2305843009213693973:3,Symbolica_default,cached_powers_Q,466,119,6.236,BalancedZippelSeparated
fire7_nb0_rank0039,Automatic,1,ok,13194.155,741,2,1,0,0,2305843009213693967:738;2305843009213693973:3,Symbolica_default,cached_powers_Q,308,240,6.083,BalancedZippelSeparated
fire7_nb0_rank0040,Automatic,1,ok,17653.760,840,2,1,0,0,2305843009213693967:837;2305843009213693973:3,Symbolica_default,cached_powers_Q,443,119,6.217,BalancedZippelSeparated
fire7_nb0_rank0041,Automatic,1,ok,14836.311,621,2,1,0,0,2305843009213693967:618;2305843009213693973:3,Symbolica_default,cached_powers_Q,362,176,5.949,BalancedZippelSeparated
fire7_nb0_rank0042,Automatic,1,ok,18521.763,896,2,1,0,0,2305843009213693967:893;2305843009213693973:3,Symbolica_default,cached_powers_Q,400,147,8.181,BalancedZippelSeparated
fire7_nb0_rank0043,Automatic,1,ok,19632.338,967,2,1,0,0,2305843009213693967:964;2305843009213693973:3,Symbolica_default,cached_powers_Q,432,126,6.035,BalancedZippelSeparated
fire7_nb0_rank0044,Automatic,1,ok,18946.475,945,2,1,0,0,2305843009213693967:942;2305843009213693973:3,Symbolica_default,cached_powers_Q,418,126,5.995,BalancedZippelSeparated
fire7_nb0_rank0045,Automatic,1,ok,16898.549,810,2,1,0,0,2305843009213693967:807;2305843009213693973:3,Symbolica_default,cached_powers_Q,407,126,5.421,BalancedZippelSeparated
fire7_nb0_rank0046,Automatic,1,ok,19515.018,901,2,1,0,0,2305843009213693967:898;2305843009213693973:3,Symbolica_default,cached_powers_Q,422,132,6.315,BalancedZippelSeparated
fire7_nb0_rank0047,Automatic,1,ok,16993.828,836,2,1,0,0,2305843009213693967:833;2305843009213693973:3,Symbolica_default,cached_powers_Q,452,77,5.924,BalancedZippelSeparated
fire7_nb0_rank0048,Automatic,1,ok,12628.343,727,2,1,0,0,2305843009213693967:724;2305843009213693973:3,Symbolica_default,cached_powers_Q,280,224,6.072,BalancedZippelSeparated
fire7_nb0_rank0049,Automatic,1,ok,12675.594,727,2,1,0,0,2305843009213693967:724;2305843009213693973:3,Symbolica_default,cached_powers_Q,280,224,5.989,BalancedZippelSeparated
fire7_nb0_rank0050,Automatic,1,ok,14884.341,678,2,1,0,0,2305843009213693967:675;2305843009213693973:3,Symbolica_default,cached_powers_Q,340,176,6.137,BalancedZippelSeparated
fire7_nb0_rank0051,Automatic,1,ok,18317.643,874,2,1,0,0,2305843009213693967:871;2305843009213693973:3,Symbolica_default,cached_powers_Q,383,162,6.103,BalancedZippelSeparated
fire7_nb0_rank0052,Automatic,1,ok,16296.336,760,2,1,0,0,2305843009213693967:757;2305843009213693973:3,Symbolica_default,cached_powers_Q,299,224,3.374,BalancedZippelSeparated
fire7_nb0_rank0053,Automatic,1,ok,16297.806,783,2,1,0,0,2305843009213693967:780;2305843009213693973:3,Symbolica_default,cached_powers_Q,351,180,6.011,BalancedZippelSeparated
fire7_nb0_rank0054,Automatic,1,ok,17285.340,818,2,1,0,0,2305843009213693967:815;2305843009213693973:3,Symbolica_default,cached_powers_Q,407,126,5.948,BalancedZippelSeparated
fire7_nb0_rank0055,Automatic,1,ok,11435.479,627,2,1,0,0,2305843009213693967:624;2305843009213693973:3,Symbolica_default,cached_powers_Q,330,168,5.982,BalancedZippelSeparated
fire7_nb0_rank0056,Automatic,1,ok,11531.649,599,2,1,0,0,2305843009213693967:596;2305843009213693973:3,Symbolica_default,cached_powers_Q,407,81,6.600,BalancedZippelSeparated
fire7_nb0_rank0057,Automatic,1,ok,12414.002,709,2,1,0,0,2305843009213693967:706;2305843009213693973:3,Symbolica_default,cached_powers_Q,359,152,7.682,BalancedZippelSeparated
fire7_nb0_rank0058,Automatic,1,ok,12609.493,724,2,1,0,0,2305843009213693967:721;2305843009213693973:3,Symbolica_default,cached_powers_Q,337,168,5.895,BalancedZippelSeparated
fire7_nb0_rank0059,Automatic,1,ok,14413.209,751,2,1,0,0,2305843009213693967:748;2305843009213693973:3,Symbolica_default,cached_powers_Q,360,147,6.083,BalancedZippelSeparated
fire7_nb0_rank0060,Automatic,1,ok,12877.124,730,2,1,0,0,2305843009213693967:727;2305843009213693973:3,Symbolica_default,cached_powers_Q,380,119,7.760,BalancedZippelSeparated
fire7_nb0_rank0061,Automatic,1,ok,16549.717,697,2,1,0,0,2305843009213693967:694;2305843009213693973:3,Symbolica_default,cached_powers_Q,270,210,2.724,BalancedZippelSeparated
fire7_nb0_rank0062,Automatic,1,ok,12146.721,697,2,1,0,0,2305843009213693967:694;2305843009213693973:3,Symbolica_default,cached_powers_Q,270,210,5.626,BalancedZippelSeparated
fire7_nb0_rank0063,Automatic,1,ok,14007.538,825,2,1,0,0,2305843009213693967:822;2305843009213693973:3,Symbolica_default,cached_powers_Q,376,126,5.841,BalancedZippelSeparated
fire7_nb0_rank0064,Automatic,1,ok,13806.067,817,2,1,0,0,2305843009213693967:814;2305843009213693973:3,Symbolica_default,cached_powers_Q,375,132,7.710,BalancedZippelSeparated
fire7_nb0_rank0065,Automatic,1,ok,11361.489,599,2,1,0,0,2305843009213693967:596;2305843009213693973:3,Symbolica_default,cached_powers_Q,401,81,6.120,BalancedZippelSeparated
fire7_nb0_rank0066,Automatic,1,ok,11655.450,639,2,1,0,0,2305843009213693967:636;2305843009213693973:3,Symbolica_default,cached_powers_Q,306,192,5.713,BalancedZippelSeparated
fire7_nb0_rank0067,Automatic,1,ok,11400.829,628,2,1,0,0,2305843009213693967:625;2305843009213693973:3,Symbolica_default,cached_powers_Q,297,192,5.827,BalancedZippelSeparated
fire7_nb0_rank0068,Automatic,1,ok,11475.729,616,2,1,0,0,2305843009213693967:613;2305843009213693973:3,Symbolica_default,cached_powers_Q,257,231,5.811,BalancedZippelSeparated
fire7_nb0_rank0069,Automatic,1,ok,12580.073,721,2,1,0,0,2305843009213693967:718;2305843009213693973:3,Symbolica_default,cached_powers_Q,359,126,3.298,BalancedZippelSeparated
fire7_nb0_rank0070,Automatic,1,ok,8679.050,651,2,1,0,0,2305843009213693967:648;2305843009213693973:3,Symbolica_default,cached_powers_Q,319,168,5.512,BalancedZippelSeparated
fire7_nb0_rank0071,Automatic,1,ok,12961.835,779,2,1,0,0,2305843009213693967:776;2305843009213693973:3,Symbolica_default,cached_powers_Q,376,102,5.790,BalancedZippelSeparated
fire7_nb0_rank0072,Automatic,1,ok,16681.467,843,2,1,0,0,2305843009213693967:840;2305843009213693973:3,Symbolica_default,cached_powers_Q,350,126,5.910,BalancedZippelSeparated
fire7_nb0_rank0073,Automatic,1,ok,10355.815,588,2,1,0,0,2305843009213693967:585;2305843009213693973:3,Symbolica_default,cached_powers_Q,315,136,5.466,BalancedZippelSeparated
fire7_nb0_rank0074,Automatic,1,ok,9893.364,573,2,1,0,0,2305843009213693967:570;2305843009213693973:3,Symbolica_default,cached_powers_Q,364,88,5.449,BalancedZippelSeparated
fire7_nb0_rank0075,Automatic,1,ok,12417.203,747,2,1,0,0,2305843009213693967:744;2305843009213693973:3,Symbolica_default,cached_powers_Q,269,192,5.785,BalancedZippelSeparated
fire7_nb0_rank0076,Automatic,1,ok,11463.399,641,2,1,0,0,2305843009213693967:638;2305843009213693973:3,Symbolica_default,cached_powers_Q,296,168,5.692,BalancedZippelSeparated
fire7_nb0_rank0077,Automatic,1,ok,17259.909,923,2,1,0,0,2305843009213693967:920;2305843009213693973:3,Symbolica_default,cached_powers_Q,288,195,5.597,BalancedZippelSeparated
fire7_nb0_rank0078,Automatic,1,ok,10400.266,553,2,1,0,0,2305843009213693967:550;2305843009213693973:3,Symbolica_default,cached_powers_Q,242,192,2.707,BalancedZippelSeparated
fire7_nb0_rank0079,Automatic,1,ok,17209.559,673,2,1,0,0,2305843009213693967:670;2305843009213693973:3,Symbolica_default,cached_powers_Q,341,114,2.864,BalancedZippelSeparated
fire7_nb0_rank0080,Automatic,1,ok,9385.572,485,2,1,0,0,2305843009213693967:482;2305843009213693973:3,Symbolica_default,cached_powers_Q,240,200,2.832,BalancedZippelSeparated
fire7_nb0_rank0081,Automatic,1,ok,10956.598,702,2,1,0,0,2305843009213693967:699;2305843009213693973:3,Symbolica_default,cached_powers_Q,385,56,5.552,BalancedZippelSeparated
fire7_nb0_rank0082,Automatic,1,ok,11103.509,659,2,1,0,0,2305843009213693967:656;2305843009213693973:3,Symbolica_default,cached_powers_Q,312,119,5.462,BalancedZippelSeparated
fire7_nb0_rank0083,Automatic,1,ok,16918.918,657,2,1,0,0,2305843009213693967:654;2305843009213693973:3,Symbolica_default,cached_powers_Q,341,108,2.772,BalancedZippelSeparated
fire7_nb0_rank0084,Automatic,1,ok,11272.689,717,2,1,0,0,2305843009213693967:714;2305843009213693973:3,Symbolica_default,cached_powers_Q,260,180,5.659,BalancedZippelSeparated
fire7_nb0_rank0085,Automatic,1,ok,10315.396,608,2,1,0,0,2305843009213693967:605;2305843009213693973:3,Symbolica_default,cached_powers_Q,311,119,5.482,BalancedZippelSeparated
fire7_nb0_rank0086,Automatic,1,ok,9985.084,594,2,1,0,0,2305843009213693967:591;2305843009213693973:3,Symbolica_default,cached_powers_Q,306,133,7.623,BalancedZippelSeparated
fire7_nb0_rank0087,Automatic,1,ok,11620.750,704,2,1,0,0,2305843009213693967:701;2305843009213693973:3,Symbolica_default,cached_powers_Q,331,102,6.351,BalancedZippelSeparated
fire7_nb0_rank0088,Automatic,1,ok,11270.568,717,2,1,0,0,2305843009213693967:714;2305843009213693973:3,Symbolica_default,cached_powers_Q,260,180,5.486,BalancedZippelSeparated
fire7_nb0_rank0089,Automatic,1,ok,13674.457,675,2,1,0,0,2305843009213693967:672;2305843009213693973:3,Symbolica_default,cached_powers_Q,303,145,2.840,BalancedZippelSeparated
fire7_nb0_rank0090,Automatic,1,ok,8508.299,472,2,1,0,0,2305843009213693967:469;2305843009213693973:3,Symbolica_default,cached_powers_Q,227,200,2.738,BalancedZippelSeparated
fire7_nb0_rank0091,Automatic,1,ok,10683.676,628,2,1,0,0,2305843009213693967:625;2305843009213693973:3,Symbolica_default,cached_powers_Q,272,168,5.499,BalancedZippelSeparated
fire7_nb0_rank0092,Automatic,1,ok,16468.116,703,2,1,0,0,2305843009213693967:700;2305843009213693973:3,Symbolica_default,cached_powers_Q,243,192,2.559,BalancedZippelSeparated
fire7_nb0_rank0093,Automatic,1,ok,10257.015,602,2,1,0,0,2305843009213693967:599;2305843009213693973:3,Symbolica_default,cached_powers_Q,272,168,5.562,BalancedZippelSeparated
fire7_nb0_rank0094,Automatic,1,ok,10610.167,643,2,1,0,0,2305843009213693967:640;2305843009213693973:3,Symbolica_default,cached_powers_Q,295,144,5.446,BalancedZippelSeparated
fire7_nb0_rank0095,Automatic,1,ok,8819.240,447,2,1,0,0,2305843009213693967:444;2305843009213693973:3,Symbolica_default,cached_powers_Q,218,208,2.464,BalancedZippelSeparated
fire7_nb0_rank0096,Automatic,1,ok,10035.844,589,2,1,0,0,2305843009213693967:586;2305843009213693973:3,Symbolica_default,cached_powers_Q,332,91,7.801,BalancedZippelSeparated
fire7_nb0_rank0097,Automatic,1,ok,8496.739,460,2,1,0,0,2305843009213693967:457;2305843009213693973:3,Symbolica_default,cached_powers_Q,218,200,2.782,BalancedZippelSeparated
fire7_nb0_rank0098,Automatic,1,ok,8177.208,424,2,1,0,0,2305843009213693967:421;2305843009213693973:3,Symbolica_default,cached_powers_Q,218,200,2.475,BalancedZippelSeparated
fire7_nb0_rank0099,Automatic,1,ok,11630.500,706,2,1,0,0,2305843009213693967:703;2305843009213693973:3,Symbolica_default,cached_powers_Q,301,135,7.906,BalancedZippelSeparated
fire7_nb0_rank0100,Automatic,1,ok,6422.842,546,2,1,0,0,2305843009213693967:543;2305843009213693973:3,Symbolica_default,cached_powers_Q,306,104,5.433,BalancedZippelSeparated
fire7_nb0_rank0101,Automatic,1,ok,9127.551,557,2,1,0,0,2305843009213693967:554;2305843009213693973:3,Symbolica_default,cached_powers_Q,250,168,5.285,BalancedZippelSeparated
fire7_nb0_rank0102,Automatic,1,ok,15373.843,687,2,1,0,0,2305843009213693967:684;2305843009213693973:3,Symbolica_default,cached_powers_Q,243,180,2.509,BalancedZippelSeparated
fire7_nb0_rank0103,Automatic,1,ok,11653.550,528,2,1,0,0,2305843009213693967:525;2305843009213693973:3,Symbolica_default,cached_powers_Q,220,192,2.610,BalancedZippelSeparated
fire7_nb0_rank0104,Automatic,1,ok,8808.990,515,2,1,0,0,2305843009213693967:512;2305843009213693973:3,Symbolica_default,cached_powers_Q,270,136,5.244,BalancedZippelSeparated
fire7_nb0_rank0105,Automatic,1,ok,9168.702,506,2,1,0,0,2305843009213693967:503;2305843009213693973:3,Symbolica_default,cached_powers_Q,178,238,2.623,BalancedZippelSeparated
fire7_nb0_rank0106,Automatic,1,ok,8245.119,737,2,1,0,0,2305843009213693967:734;2305843009213693973:3,Symbolica_default,cached_powers_Q,350,66,5.336,BalancedZippelSeparated
fire7_nb0_rank0107,Automatic,1,ok,12751.944,595,2,1,0,0,2305843009213693967:592;2305843009213693973:3,Symbolica_default,cached_powers_Q,288,119,2.286,BalancedZippelSeparated
fire7_nb0_rank0108,Automatic,1,ok,10295.115,610,2,1,0,0,2305843009213693967:607;2305843009213693973:3,Symbolica_default,cached_powers_Q,309,102,2.492,BalancedZippelSeparated
fire7_nb0_rank0109,Automatic,1,ok,9707.293,464,2,1,0,0,2305843009213693967:461;2305843009213693973:3,Symbolica_default,cached_powers_Q,260,136,3.307,BalancedZippelSeparated
fire7_nb0_rank0110,Automatic,1,ok,9698.613,621,2,1,0,0,2305843009213693967:618;2305843009213693973:3,Symbolica_default,cached_powers_Q,335,66,5.186,BalancedZippelSeparated
fire7_nb0_rank0111,Automatic,1,ok,10848.917,676,2,1,0,0,2305843009213693967:673;2305843009213693973:3,Symbolica_default,cached_powers_Q,301,108,5.314,BalancedZippelSeparated
fire7_nb0_rank0112,Automatic,1,ok,10943.917,447,2,1,0,0,2305843009213693967:444;2305843009213693973:3,Symbolica_default,cached_powers_Q,215,182,2.375,BalancedZippelSeparated
fire7_nb0_rank0113,Automatic,1,ok,11721.320,542,2,1,0,0,2305843009213693967:539;2305843009213693973:3,Symbolica_default,cached_powers_Q,264,133,2.638,BalancedZippelSeparated
fire7_nb0_rank0114,Automatic,1,ok,7392.655,689,2,1,0,0,2305843009213693967:686;2305843009213693973:3,Symbolica_default,cached_powers_Q,322,66,5.130,BalancedZippelSeparated
fire7_nb0_rank0115,Automatic,1,ok,9274.892,548,2,1,0,0,2305843009213693967:545;2305843009213693973:3,Symbolica_default,cached_powers_Q,295,91,2.070,BalancedZippelSeparated
fire7_nb0_rank0116,Automatic,1,ok,12965.745,636,2,1,0,0,2305843009213693967:633;2305843009213693973:3,Symbolica_default,cached_powers_Q,271,126,2.367,BalancedZippelSeparated
fire7_nb0_rank0117,Automatic,1,ok,11978.781,573,2,1,0,0,2305843009213693967:570;2305843009213693973:3,Symbolica_default,cached_powers_Q,271,119,2.550,BalancedZippelSeparated
fire7_nb0_rank0118,Automatic,1,ok,7895.907,479,2,1,0,0,2305843009213693967:476;2305843009213693973:3,Symbolica_default,cached_powers_Q,310,64,5.219,BalancedZippelSeparated
fire7_nb0_rank0119,Automatic,1,ok,8125.718,465,2,1,0,0,2305843009213693967:462;2305843009213693973:3,Symbolica_default,cached_powers_Q,250,133,5.136,BalancedZippelSeparated
fire7_nb0_rank0120,Automatic,1,ok,8645.999,521,2,1,0,0,2305843009213693967:518;2305843009213693973:3,Symbolica_default,cached_powers_Q,308,77,5.246,BalancedZippelSeparated
fire7_nb0_rank0121,Automatic,1,ok,7426.165,676,2,1,0,0,2305843009213693967:673;2305843009213693973:3,Symbolica_default,cached_powers_Q,316,66,5.261,BalancedZippelSeparated
fire7_nb0_rank0122,Automatic,1,ok,11156.508,512,2,1,0,0,2305843009213693967:509;2305843009213693973:3,Symbolica_default,cached_powers_Q,247,126,2.278,BalancedZippelSeparated
fire7_nb0_rank0123,Automatic,1,ok,9125.502,543,2,1,0,0,2305843009213693967:540;2305843009213693973:3,Symbolica_default,cached_powers_Q,280,91,2.065,BalancedZippelSeparated
fire7_nb0_rank0124,Automatic,1,ok,7591.526,402,2,1,0,0,2305843009213693967:399;2305843009213693973:3,Symbolica_default,cached_powers_Q,210,175,2.528,BalancedZippelSeparated
fire7_nb0_rank0125,Automatic,1,ok,8484.489,511,2,1,0,0,2305843009213693967:508;2305843009213693973:3,Symbolica_default,cached_powers_Q,300,77,5.200,BalancedZippelSeparated
fire7_nb0_rank0126,Automatic,1,ok,11216.019,516,2,1,0,0,2305843009213693967:513;2305843009213693973:3,Symbolica_default,cached_powers_Q,196,175,2.496,BalancedZippelSeparated
fire7_nb0_rank0127,Automatic,1,ok,8210.318,466,2,1,0,0,2305843009213693967:463;2305843009213693973:3,Symbolica_default,cached_powers_Q,205,175,2.284,BalancedZippelSeparated
fire7_nb0_rank0128,Automatic,1,ok,10731.287,500,2,1,0,0,2305843009213693967:497;2305843009213693973:3,Symbolica_default,cached_powers_Q,210,154,2.390,BalancedZippelSeparated
fire7_nb0_rank0129,Automatic,1,ok,10806.047,500,2,1,0,0,2305843009213693967:497;2305843009213693973:3,Symbolica_default,cached_powers_Q,210,154,2.498,BalancedZippelSeparated
fire7_nb0_rank0130,Automatic,1,ok,11669.400,575,2,1,0,0,2305843009213693967:572;2305843009213693973:3,Symbolica_default,cached_powers_Q,256,132,2.452,BalancedZippelSeparated
fire7_nb0_rank0131,Automatic,1,ok,4956.117,448,2,1,0,0,2305843009213693967:445;2305843009213693973:3,Symbolica_default,cached_powers_Q,249,126,5.074,BalancedZippelSeparated
fire7_nb0_rank0132,Automatic,1,ok,12835.644,644,2,1,0,0,2305843009213693967:641;2305843009213693973:3,Symbolica_default,cached_powers_Q,282,110,2.671,BalancedZippelSeparated
fire7_nb0_rank0133,Automatic,1,ok,11060.858,514,2,1,0,0,2305843009213693967:511;2305843009213693973:3,Symbolica_default,cached_powers_Q,288,77,2.412,BalancedZippelSeparated
fire7_nb0_rank0134,Automatic,1,ok,12801.114,638,2,1,0,0,2305843009213693967:635;2305843009213693973:3,Symbolica_default,cached_powers_Q,288,105,2.496,BalancedZippelSeparated
fire7_nb0_rank0135,Automatic,1,ok,12039.101,610,2,1,0,0,2305843009213693967:607;2305843009213693973:3,Symbolica_default,cached_powers_Q,266,102,2.438,BalancedZippelSeparated
fire7_nb0_rank0136,Automatic,1,ok,11511.130,563,2,1,0,0,2305843009213693967:560;2305843009213693973:3,Symbolica_default,cached_powers_Q,288,78,2.456,BalancedZippelSeparated
fire7_nb0_rank0137,Automatic,1,ok,12871.433,666,2,1,0,0,2305843009213693967:663;2305843009213693973:3,Symbolica_default,cached_powers_Q,273,105,2.531,BalancedZippelSeparated
fire7_nb0_rank0138,Automatic,1,ok,5009.687,430,2,1,0,0,2305843009213693967:427;2305843009213693973:3,Symbolica_default,cached_powers_Q,280,72,5.405,BalancedZippelSeparated
fire7_nb0_rank0139,Automatic,1,ok,4721.676,437,2,1,0,0,2305843009213693967:434;2305843009213693973:3,Symbolica_default,cached_powers_Q,268,88,5.050,BalancedZippelSeparated
fire7_nb0_rank0140,Automatic,1,ok,10699.457,488,2,1,0,0,2305843009213693967:485;2305843009213693973:3,Symbolica_default,cached_powers_Q,247,105,2.101,BalancedZippelSeparated
fire7_nb0_rank0141,Automatic,1,ok,13241.165,664,2,1,0,0,2305843009213693967:661;2305843009213693973:3,Symbolica_default,cached_powers_Q,266,105,2.454,BalancedZippelSeparated
fire7_nb0_rank0142,Automatic,1,ok,11491.519,565,2,1,0,0,2305843009213693967:562;2305843009213693973:3,Symbolica_default,cached_powers_Q,259,102,2.442,BalancedZippelSeparated
fire7_nb0_rank0143,Automatic,1,ok,7912.537,495,2,1,0,0,2305843009213693967:492;2305843009213693973:3,Symbolica_default,cached_powers_Q,274,77,4.958,BalancedZippelSeparated
fire7_nb0_rank0144,Automatic,1,ok,7969.997,497,2,1,0,0,2305843009213693967:494;2305843009213693973:3,Symbolica_default,cached_powers_Q,272,77,5.070,BalancedZippelSeparated
fire7_nb0_rank0145,Automatic,1,ok,11186.378,556,2,1,0,0,2305843009213693967:553;2305843009213693973:3,Symbolica_default,cached_powers_Q,272,77,2.314,BalancedZippelSeparated
fire7_nb0_rank0146,Automatic,1,ok,10566.617,460,2,1,0,0,2305843009213693967:457;2305843009213693973:3,Symbolica_default,cached_powers_Q,279,77,2.395,BalancedZippelSeparated
fire7_nb0_rank0147,Automatic,1,ok,7033.454,405,2,1,0,0,2305843009213693967:402;2305843009213693973:3,Symbolica_default,cached_powers_Q,237,105,2.264,BalancedZippelSeparated
fire7_nb0_rank0148,Automatic,1,ok,8863.670,540,2,1,0,0,2305843009213693967:537;2305843009213693973:3,Symbolica_default,cached_powers_Q,304,54,7.202,BalancedZippelSeparated
fire7_nb0_rank0149,Automatic,1,ok,10413.386,485,2,1,0,0,2305843009213693967:482;2305843009213693973:3,Symbolica_default,cached_powers_Q,243,102,2.309,BalancedZippelSeparated
fire7_nb0_rank0150,Automatic,1,ok,10137.134,465,2,1,0,0,2305843009213693967:462;2305843009213693973:3,Symbolica_default,cached_powers_Q,249,84,2.256,BalancedZippelSeparated
fire7_nb0_rank0151,Automatic,1,ok,7904.617,484,2,1,0,0,2305843009213693967:481;2305843009213693973:3,Symbolica_default,cached_powers_Q,266,77,5.054,BalancedZippelSeparated
fire7_nb0_rank0152,Automatic,1,ok,7047.034,405,2,1,0,0,2305843009213693967:402;2305843009213693973:3,Symbolica_default,cached_powers_Q,186,144,2.034,BalancedZippelSeparated
fire7_nb0_rank0153,Automatic,1,ok,10145.955,465,2,1,0,0,2305843009213693967:462;2305843009213693973:3,Symbolica_default,cached_powers_Q,249,102,2.299,BalancedZippelSeparated
fire7_nb0_rank0154,Automatic,1,ok,8099.298,497,2,1,0,0,2305843009213693967:494;2305843009213693973:3,Symbolica_default,cached_powers_Q,267,63,4.906,BalancedZippelSeparated
fire7_nb0_rank0155,Automatic,1,ok,7174.424,416,2,1,0,0,2305843009213693967:413;2305843009213693973:3,Symbolica_default,cached_powers_Q,225,112,2.274,BalancedZippelSeparated
fire7_nb0_rank0156,Automatic,1,ok,8940.841,540,2,1,0,0,2305843009213693967:537;2305843009213693973:3,Symbolica_default,cached_powers_Q,299,54,7.729,BalancedZippelSeparated
fire7_nb0_rank0157,Automatic,1,ok,4467.456,415,2,1,0,0,2305843009213693967:412;2305843009213693973:3,Symbolica_default,cached_powers_Q,261,77,5.005,BalancedZippelSeparated
fire7_nb0_rank0158,Automatic,1,ok,7543.375,458,2,1,0,0,2305843009213693967:455;2305843009213693973:3,Symbolica_default,cached_powers_Q,233,102,2.073,BalancedZippelSeparated
fire7_nb0_rank0159,Automatic,1,ok,11952.121,581,2,1,0,0,2305843009213693967:578;2305843009213693973:3,Symbolica_default,cached_powers_Q,259,105,2.232,BalancedZippelSeparated
fire7_nb0_rank0160,Automatic,1,ok,10022.755,581,2,1,0,0,2305843009213693967:578;2305843009213693973:3,Symbolica_default,cached_powers_Q,223,125,1.931,BalancedZippelSeparated
fire7_nb0_rank0161,Automatic,1,ok,8106.898,544,2,1,0,0,2305843009213693967:541;2305843009213693973:3,Symbolica_default,cached_powers_Q,280,56,5.005,BalancedZippelSeparated
fire7_nb0_rank0162,Automatic,1,ok,10217.135,434,2,1,0,0,2305843009213693967:431;2305843009213693973:3,Symbolica_default,cached_powers_Q,208,133,2.056,BalancedZippelSeparated
fire7_nb0_rank0163,Automatic,1,ok,8466.139,577,2,1,0,0,2305843009213693967:574;2305843009213693973:3,Symbolica_default,cached_powers_Q,294,48,5.674,BalancedZippelSeparated
fire7_nb0_rank0164,Automatic,1,ok,7198.924,404,2,1,0,0,2305843009213693967:401;2305843009213693973:3,Symbolica_default,cached_powers_Q,243,88,2.079,BalancedZippelSeparated
fire7_nb0_rank0165,Automatic,1,ok,8720.280,567,2,1,0,0,2305843009213693967:564;2305843009213693973:3,Symbolica_default,cached_powers_Q,259,85,5.058,BalancedZippelSeparated
fire7_nb0_rank0166,Automatic,1,ok,8633.269,531,2,1,0,0,2305843009213693967:528;2305843009213693973:3,Symbolica_default,cached_powers_Q,245,105,2.095,BalancedZippelSeparated
fire7_nb0_rank0167,Automatic,1,ok,7089.104,362,2,1,0,0,2305843009213693967:359;2305843009213693973:3,Symbolica_default,cached_powers_Q,169,175,1.839,BalancedZippelSeparated
fire7_nb0_rank0168,Automatic,1,ok,11169.979,534,2,1,0,0,2305843009213693967:531;2305843009213693973:3,Symbolica_default,cached_powers_Q,259,78,2.136,BalancedZippelSeparated
fire7_nb0_rank0169,Automatic,1,ok,10460.676,488,2,1,0,0,2305843009213693967:485;2305843009213693973:3,Symbolica_default,cached_powers_Q,189,144,2.249,BalancedZippelSeparated
fire7_nb0_rank0170,Automatic,1,ok,10849.077,488,2,1,0,0,2305843009213693967:485;2305843009213693973:3,Symbolica_default,cached_powers_Q,189,144,2.213,BalancedZippelSeparated
fire7_nb0_rank0171,Automatic,1,ok,9849.163,427,2,1,0,0,2305843009213693967:424;2305843009213693973:3,Symbolica_default,cached_powers_Q,199,133,2.246,BalancedZippelSeparated
fire7_nb0_rank0172,Automatic,1,ok,7507.335,411,2,1,0,0,2305843009213693967:408;2305843009213693973:3,Symbolica_default,cached_powers_Q,185,156,2.348,BalancedZippelSeparated
fire7_nb0_rank0173,Automatic,1,ok,11392.150,513,2,1,0,0,2305843009213693967:510;2305843009213693973:3,Symbolica_default,cached_powers_Q,153,198,2.137,BalancedZippelSeparated
fire7_nb0_rank0174,Automatic,1,ok,6990.804,399,2,1,0,0,2305843009213693967:396;2305843009213693973:3,Symbolica_default,cached_powers_Q,219,96,2.081,BalancedZippelSeparated
fire7_nb0_rank0175,Automatic,1,ok,6497.772,370,2,1,0,0,2305843009213693967:367;2305843009213693973:3,Symbolica_default,cached_powers_Q,219,96,2.180,BalancedZippelSeparated
fire7_nb0_rank0176,Automatic,1,ok,9209.972,604,2,1,0,0,2305843009213693967:601;2305843009213693973:3,Symbolica_default,cached_powers_Q,294,55,5.144,BalancedZippelSeparated
fire7_nb0_rank0177,Automatic,1,ok,10440.976,483,2,1,0,0,2305843009213693967:480;2305843009213693973:3,Symbolica_default,cached_powers_Q,231,110,2.312,BalancedZippelSeparated
fire7_nb0_rank0178,Automatic,1,ok,7864.537,497,2,1,0,0,2305843009213693967:494;2305843009213693973:3,Symbolica_default,cached_powers_Q,265,66,7.001,BalancedZippelSeparated
fire7_nb0_rank0179,Automatic,1,ok,6746.203,396,2,1,0,0,2305843009213693967:393;2305843009213693973:3,Symbolica_default,cached_powers_Q,225,88,2.195,BalancedZippelSeparated
fire7_nb0_rank0180,Automatic,1,ok,8883.591,614,2,1,0,0,2305843009213693967:611;2305843009213693973:3,Symbolica_default,cached_powers_Q,280,60,5.077,BalancedZippelSeparated
fire7_nb0_rank0181,Automatic,1,ok,7681.866,502,2,1,0,0,2305843009213693967:499;2305843009213693973:3,Symbolica_default,cached_powers_Q,270,48,4.866,BalancedZippelSeparated
fire7_nb0_rank0182,Automatic,1,ok,7198.465,415,2,1,0,0,2305843009213693967:412;2305843009213693973:3,Symbolica_default,cached_powers_Q,223,91,2.264,BalancedZippelSeparated
fire7_nb0_rank0183,Automatic,1,ok,8495.599,578,2,1,0,0,2305843009213693967:575;2305843009213693973:3,Symbolica_default,cached_powers_Q,273,65,4.833,BalancedZippelSeparated
fire7_nb0_rank0184,Automatic,1,ok,7955.407,489,2,1,0,0,2305843009213693967:486;2305843009213693973:3,Symbolica_default,cached_powers_Q,240,95,5.090,BalancedZippelSeparated
fire7_nb0_rank0185,Automatic,1,ok,6422.242,371,2,1,0,0,2305843009213693967:368;2305843009213693973:3,Symbolica_default,cached_powers_Q,160,144,2.132,BalancedZippelSeparated
fire7_nb0_rank0186,Automatic,1,ok,10747.307,493,2,1,0,0,2305843009213693967:490;2305843009213693973:3,Symbolica_default,cached_powers_Q,245,66,2.040,BalancedZippelSeparated
fire7_nb0_rank0187,Automatic,1,ok,6603.213,394,2,1,0,0,2305843009213693967:391;2305843009213693973:3,Symbolica_default,cached_powers_Q,216,90,2.113,BalancedZippelSeparated
fire7_nb0_rank0188,Automatic,1,ok,6380.542,363,2,1,0,0,2305843009213693967:360;2305843009213693973:3,Symbolica_default,cached_powers_Q,180,126,2.100,BalancedZippelSeparated
fire7_nb0_rank0189,Automatic,1,ok,6593.473,399,2,1,0,0,2305843009213693967:396;2305843009213693973:3,Symbolica_default,cached_powers_Q,219,84,2.133,BalancedZippelSeparated
fire7_nb0_rank0190,Automatic,1,ok,10504.576,496,2,1,0,0,2305843009213693967:493;2305843009213693973:3,Symbolica_default,cached_powers_Q,217,102,2.191,BalancedZippelSeparated
fire7_nb0_rank0191,Automatic,1,ok,10439.326,458,2,1,0,0,2305843009213693967:455;2305843009213693973:3,Symbolica_default,cached_powers_Q,239,90,2.285,BalancedZippelSeparated
fire7_nb0_rank0192,Automatic,1,ok,6202.221,325,2,1,0,0,2305843009213693967:322;2305843009213693973:3,Symbolica_default,cached_powers_Q,161,144,2.168,BalancedZippelSeparated
fire7_nb0_rank0193,Automatic,1,ok,12168.521,672,2,1,0,0,2305843009213693967:669;2305843009213693973:3,Symbolica_default,cached_powers_Q,203,128,2.268,BalancedZippelSeparated
fire7_nb0_rank0194,Automatic,1,ok,7078.824,413,2,1,0,0,2305843009213693967:410;2305843009213693973:3,Symbolica_default,cached_powers_Q,216,98,2.203,BalancedZippelSeparated
fire7_nb0_rank0195,Automatic,1,ok,7505.556,473,2,1,0,0,2305843009213693967:470;2305843009213693973:3,Symbolica_default,cached_powers_Q,240,90,4.990,BalancedZippelSeparated
fire7_nb0_rank0196,Automatic,1,ok,6190.491,337,2,1,0,0,2305843009213693967:334;2305843009213693973:3,Symbolica_default,cached_powers_Q,200,96,2.192,BalancedZippelSeparated
fire7_nb0_rank0197,Automatic,1,ok,6536.792,411,2,1,0,0,2305843009213693967:408;2305843009213693973:3,Symbolica_default,cached_powers_Q,179,126,2.044,BalancedZippelSeparated
fire7_nb0_rank0198,Automatic,1,ok,10725.207,528,2,1,0,0,2305843009213693967:525;2305843009213693973:3,Symbolica_default,cached_powers_Q,238,85,2.214,BalancedZippelSeparated
fire7_nb0_rank0199,Automatic,1,ok,10629.807,546,2,1,0,0,2305843009213693967:543;2305843009213693973:3,Symbolica_default,cached_powers_Q,244,55,2.113,BalancedZippelSeparated
fire7_nb0_rank0200,Automatic,1,ok,10304.116,503,2,1,0,0,2305843009213693967:500;2305843009213693973:3,Symbolica_default,cached_powers_Q,232,65,2.182,BalancedZippelSeparated
fire7_nb0_rank0201,Automatic,1,ok,7270.325,458,2,1,0,0,2305843009213693967:455;2305843009213693973:3,Symbolica_default,cached_powers_Q,232,72,2.239,BalancedZippelSeparated
fire7_nb0_rank0202,Automatic,1,ok,7753.057,519,2,1,0,0,2305843009213693967:516;2305843009213693973:3,Symbolica_default,cached_powers_Q,238,66,2.176,BalancedZippelSeparated
fire7_nb0_rank0203,Automatic,1,ok,6677.094,373,2,1,0,0,2305843009213693967:370;2305843009213693973:3,Symbolica_default,cached_powers_Q,170,154,2.233,BalancedZippelSeparated
fire7_nb0_rank0204,Automatic,1,ok,10525.896,544,2,1,0,0,2305843009213693967:541;2305843009213693973:3,Symbolica_default,cached_powers_Q,250,60,2.179,BalancedZippelSeparated
fire7_nb0_rank0205,Automatic,1,ok,9952.764,429,2,1,0,0,2305843009213693967:426;2305843009213693973:3,Symbolica_default,cached_powers_Q,144,150,1.674,BalancedZippelSeparated
fire7_nb0_rank0206,Automatic,1,ok,9881.323,429,2,1,0,0,2305843009213693967:426;2305843009213693973:3,Symbolica_default,cached_powers_Q,144,150,2.128,BalancedZippelSeparated
fire7_nb0_rank0207,Automatic,1,ok,3880.843,395,2,1,0,0,2305843009213693967:392;2305843009213693973:3,Symbolica_default,cached_powers_Q,243,56,4.701,BalancedZippelSeparated
fire7_nb0_rank0208,Automatic,1,ok,10000.674,483,2,1,0,0,2305843009213693967:480;2305843009213693973:3,Symbolica_default,cached_powers_Q,192,120,2.155,BalancedZippelSeparated
fire7_nb0_rank0209,Automatic,1,ok,6299.231,369,2,1,0,0,2305843009213693967:366;2305843009213693973:3,Symbolica_default,cached_powers_Q,225,64,2.007,BalancedZippelSeparated
fire7_nb0_rank0210,Automatic,1,ok,7155.925,447,2,1,0,0,2305843009213693967:444;2305843009213693973:3,Symbolica_default,cached_powers_Q,162,150,2.051,BalancedZippelSeparated
fire7_nb0_rank0211,Automatic,1,ok,9305.512,379,2,1,0,0,2305843009213693967:376;2305843009213693973:3,Symbolica_default,cached_powers_Q,200,91,2.141,BalancedZippelSeparated
fire7_nb0_rank0212,Automatic,1,ok,8614.169,492,2,1,0,0,2305843009213693967:489;2305843009213693973:3,Symbolica_default,cached_powers_Q,243,48,2.199,BalancedZippelSeparated
fire7_nb0_rank0213,Automatic,1,ok,7932.947,396,2,1,0,0,2305843009213693967:393;2305843009213693973:3,Symbolica_default,cached_powers_Q,149,150,2.463,BalancedZippelSeparated
fire7_nb0_rank0214,Automatic,1,ok,9418.532,390,2,1,0,0,2305843009213693967:387;2305843009213693973:3,Symbolica_default,cached_powers_Q,234,56,1.873,BalancedZippelSeparated
fire7_nb0_rank0215,Automatic,1,ok,9104.431,374,2,1,0,0,2305843009213693967:371;2305843009213693973:3,Symbolica_default,cached_powers_Q,216,77,2.016,BalancedZippelSeparated
fire7_nb0_rank0216,Automatic,1,ok,10349.095,475,2,1,0,0,2305843009213693967:472;2305843009213693973:3,Symbolica_default,cached_powers_Q,245,48,1.725,BalancedZippelSeparated
fire7_nb0_rank0217,Automatic,1,ok,6097.991,310,2,1,0,0,2305843009213693967:307;2305843009213693973:3,Symbolica_default,cached_powers_Q,148,140,2.066,BalancedZippelSeparated
fire7_nb0_rank0218,Automatic,1,ok,6904.773,433,2,1,0,0,2305843009213693967:430;2305843009213693973:3,Symbolica_default,cached_powers_Q,232,60,2.120,BalancedZippelSeparated
fire7_nb0_rank0219,Automatic,1,ok,6244.381,370,2,1,0,0,2305843009213693967:367;2305843009213693973:3,Symbolica_default,cached_powers_Q,228,56,2.090,BalancedZippelSeparated
fire7_nb0_rank0220,Automatic,1,ok,8883.990,493,2,1,0,0,2305843009213693967:490;2305843009213693973:3,Symbolica_default,cached_powers_Q,176,120,2.020,BalancedZippelSeparated
fire7_nb0_rank0221,Automatic,1,ok,6990.054,418,2,1,0,0,2305843009213693967:415;2305843009213693973:3,Symbolica_default,cached_powers_Q,192,102,1.841,BalancedZippelSeparated
fire7_nb0_rank0222,Automatic,1,ok,9612.642,421,2,1,0,0,2305843009213693967:418;2305843009213693973:3,Symbolica_default,cached_powers_Q,176,108,1.908,BalancedZippelSeparated
fire7_nb0_rank0223,Automatic,1,ok,6816.303,421,2,1,0,0,2305843009213693967:418;2305843009213693973:3,Symbolica_default,cached_powers_Q,176,108,2.107,BalancedZippelSeparated
fire7_nb0_rank0224,Automatic,1,ok,11441.529,627,2,1,0,0,2305843009213693967:624;2305843009213693973:3,Symbolica_default,cached_powers_Q,209,100,1.880,BalancedZippelSeparated
fire7_nb0_rank0225,Automatic,1,ok,10563.106,506,2,1,0,0,2305843009213693967:503;2305843009213693973:3,Symbolica_default,cached_powers_Q,209,96,2.154,BalancedZippelSeparated
fire7_nb0_rank0226,Automatic,1,ok,9788.993,463,2,1,0,0,2305843009213693967:460;2305843009213693973:3,Symbolica_default,cached_powers_Q,216,70,2.112,BalancedZippelSeparated
fire7_nb0_rank0227,Automatic,1,ok,10216.456,513,2,1,0,0,2305843009213693967:510;2305843009213693973:3,Symbolica_default,cached_powers_Q,259,40,2.231,BalancedZippelSeparated
fire7_nb0_rank0228,Automatic,1,ok,7644.687,493,2,1,0,0,2305843009213693967:490;2305843009213693973:3,Symbolica_default,cached_powers_Q,176,120,1.928,BalancedZippelSeparated
fire7_nb0_rank0229,Automatic,1,ok,6212.021,395,2,1,0,0,2305843009213693967:392;2305843009213693973:3,Symbolica_default,cached_powers_Q,205,66,2.026,BalancedZippelSeparated
fire7_nb0_rank0230,Automatic,1,ok,10511.316,526,2,1,0,0,2305843009213693967:523;2305843009213693973:3,Symbolica_default,cached_powers_Q,225,75,1.909,BalancedZippelSeparated
fire7_nb0_rank0231,Automatic,1,ok,6321.282,365,2,1,0,0,2305843009213693967:362;2305843009213693973:3,Symbolica_default,cached_powers_Q,189,78,2.038,BalancedZippelSeparated
fire7_nb0_rank0232,Automatic,1,ok,10090.125,481,2,1,0,0,2305843009213693967:478;2305843009213693973:3,Symbolica_default,cached_powers_Q,176,110,1.856,BalancedZippelSeparated
fire7_nb0_rank0233,Automatic,1,ok,5851.470,307,2,1,0,0,2305843009213693967:304;2305843009213693973:3,Symbolica_default,cached_powers_Q,148,126,2.081,BalancedZippelSeparated
fire7_nb0_rank0234,Automatic,1,ok,6056.320,346,2,1,0,0,2305843009213693967:343;2305843009213693973:3,Symbolica_default,cached_powers_Q,179,91,1.790,BalancedZippelSeparated
fire7_nb0_rank0235,Automatic,1,ok,6142.471,379,2,1,0,0,2305843009213693967:376;2305843009213693973:3,Symbolica_default,cached_powers_Q,188,84,2.129,BalancedZippelSeparated
fire7_nb0_rank0236,Automatic,1,ok,6319.881,368,2,1,0,0,2305843009213693967:365;2305843009213693973:3,Symbolica_default,cached_powers_Q,200,77,1.707,BalancedZippelSeparated
fire7_nb0_rank0237,Automatic,1,ok,6333.052,376,2,1,0,0,2305843009213693967:373;2305843009213693973:3,Symbolica_default,cached_powers_Q,153,126,2.145,BalancedZippelSeparated
fire7_nb0_rank0238,Automatic,1,ok,6798.993,401,2,1,0,0,2305843009213693967:398;2305843009213693973:3,Symbolica_default,cached_powers_Q,196,78,1.840,BalancedZippelSeparated
fire7_nb0_rank0239,Automatic,1,ok,6421.102,380,2,1,0,0,2305843009213693967:377;2305843009213693973:3,Symbolica_default,cached_powers_Q,207,72,1.979,BalancedZippelSeparated
fire7_nb0_rank0240,Automatic,1,ok,6700.593,418,2,1,0,0,2305843009213693967:415;2305843009213693973:3,Symbolica_default,cached_powers_Q,192,85,1.764,BalancedZippelSeparated
fire7_nb0_rank0241,Automatic,1,ok,5873.669,331,2,1,0,0,2305843009213693967:328;2305843009213693973:3,Symbolica_default,cached_powers_Q,180,90,2.064,BalancedZippelSeparated
fire7_nb0_rank0242,Automatic,1,ok,7419.065,443,2,1,0,0,2305843009213693967:440;2305843009213693973:3,Symbolica_default,cached_powers_Q,223,55,1.683,BalancedZippelSeparated
fire7_nb0_rank0243,Automatic,1,ok,5995.040,351,2,1,0,0,2305843009213693967:348;2305843009213693973:3,Symbolica_default,cached_powers_Q,140,140,1.946,BalancedZippelSeparated
fire7_nb0_rank0244,Automatic,1,ok,6334.662,351,2,1,0,0,2305843009213693967:348;2305843009213693973:3,Symbolica_default,cached_powers_Q,140,140,1.777,BalancedZippelSeparated
fire7_nb0_rank0245,Automatic,1,ok,9360.042,442,2,1,0,0,2305843009213693967:439;2305843009213693973:3,Symbolica_default,cached_powers_Q,223,55,2.019,BalancedZippelSeparated
fire7_nb0_rank0246,Automatic,1,ok,8560.079,332,2,1,0,0,2305843009213693967:329;2305843009213693973:3,Symbolica_default,cached_powers_Q,207,56,1.664,BalancedZippelSeparated
fire7_nb0_rank0247,Automatic,1,ok,9634.043,434,2,1,0,0,2305843009213693967:431;2305843009213693973:3,Symbolica_default,cached_powers_Q,218,55,2.153,BalancedZippelSeparated
fire7_nb0_rank0248,Automatic,1,ok,6491.393,388,2,1,0,0,2305843009213693967:385;2305843009213693973:3,Symbolica_default,cached_powers_Q,200,56,1.744,BalancedZippelSeparated
fire7_nb0_rank0249,Automatic,1,ok,8247.548,437,2,1,0,0,2305843009213693967:434;2305843009213693973:3,Symbolica_default,cached_powers_Q,205,60,1.947,BalancedZippelSeparated
fire7_nb0_rank0250,Automatic,1,ok,6120.201,347,2,1,0,0,2305843009213693967:344;2305843009213693973:3,Symbolica_default,cached_powers_Q,185,78,1.771,BalancedZippelSeparated
fire7_nb0_rank0251,Automatic,1,ok,5852.710,349,2,1,0,0,2305843009213693967:346;2305843009213693973:3,Symbolica_default,cached_powers_Q,203,56,1.940,BalancedZippelSeparated
fire7_nb0_rank0252,Automatic,1,ok,6871.943,399,2,1,0,0,2305843009213693967:396;2305843009213693973:3,Symbolica_default,cached_powers_Q,170,102,1.917,BalancedZippelSeparated
fire7_nb0_rank0253,Automatic,1,ok,10242.626,469,2,1,0,0,2305843009213693967:466;2305843009213693973:3,Symbolica_default,cached_powers_Q,189,95,1.598,BalancedZippelSeparated
fire7_nb0_rank0254,Automatic,1,ok,9328.101,393,2,1,0,0,2305843009213693967:390;2305843009213693973:3,Symbolica_default,cached_powers_Q,208,70,1.810,BalancedZippelSeparated
fire7_nb0_rank0255,Automatic,1,ok,6357.882,390,2,1,0,0,2305843009213693967:387;2305843009213693973:3,Symbolica_default,cached_powers_Q,192,85,1.989,BalancedZippelSeparated
fire7_nb0_rank0256,Automatic,1,ok,6220.922,355,2,1,0,0,2305843009213693967:352;2305843009213693973:3,Symbolica_default,cached_powers_Q,144,108,1.785,BalancedZippelSeparated
fire7_nb0_rank0257,Automatic,1,ok,9654.443,443,2,1,0,0,2305843009213693967:440;2305843009213693973:3,Symbolica_default,cached_powers_Q,144,125,1.924,BalancedZippelSeparated
fire7_nb0_rank0258,Automatic,1,ok,5852.020,289,2,1,0,0,2305843009213693967:286;2305843009213693973:3,Symbolica_default,cached_powers_Q,133,126,1.841,BalancedZippelSeparated
fire7_nb0_rank0259,Automatic,1,ok,5352.939,265,2,1,0,0,2305843009213693967:262;2305843009213693973:3,Symbolica_default,cached_powers_Q,133,126,1.879,BalancedZippelSeparated
fire7_nb0_rank0260,Automatic,1,ok,5670.299,307,2,1,0,0,2305843009213693967:304;2305843009213693973:3,Symbolica_default,cached_powers_Q,160,84,1.621,BalancedZippelSeparated
fire7_nb0_rank0261,Automatic,1,ok,6162.101,325,2,1,0,0,2305843009213693967:322;2305843009213693973:3,Symbolica_default,cached_powers_Q,180,78,1.524,BalancedZippelSeparated
fire7_nb0_rank0262,Automatic,1,ok,5650.839,307,2,1,0,0,2305843009213693967:304;2305843009213693973:3,Symbolica_default,cached_powers_Q,171,84,1.892,BalancedZippelSeparated
fire7_nb0_rank0263,Automatic,1,ok,9319.842,426,2,1,0,0,2305843009213693967:423;2305843009213693973:3,Symbolica_default,cached_powers_Q,224,45,2.062,BalancedZippelSeparated
fire7_nb0_rank0264,Automatic,1,ok,9660.543,468,2,1,0,0,2305843009213693967:465;2305843009213693973:3,Symbolica_default,cached_powers_Q,154,120,1.945,BalancedZippelSeparated
fire7_nb0_rank0265,Automatic,1,ok,6056.630,366,2,1,0,0,2305843009213693967:363;2305843009213693973:3,Symbolica_default,cached_powers_Q,169,90,1.957,BalancedZippelSeparated
fire7_nb0_rank0266,Automatic,1,ok,9498.913,443,2,1,0,0,2305843009213693967:440;2305843009213693973:3,Symbolica_default,cached_powers_Q,143,125,1.958,BalancedZippelSeparated
fire7_nb0_rank0267,Automatic,1,ok,5772.590,301,2,1,0,0,2305843009213693967:298;2305843009213693973:3,Symbolica_default,cached_powers_Q,142,108,1.903,BalancedZippelSeparated
fire7_nb0_rank0268,Automatic,1,ok,5475.859,301,2,1,0,0,2305843009213693967:298;2305843009213693973:3,Symbolica_default,cached_powers_Q,171,72,1.898,BalancedZippelSeparated
fire7_nb0_rank0269,Automatic,1,ok,6318.232,366,2,1,0,0,2305843009213693967:363;2305843009213693973:3,Symbolica_default,cached_powers_Q,99,162,1.887,BalancedZippelSeparated
fire7_nb0_rank0270,Automatic,1,ok,6564.082,366,2,1,0,0,2305843009213693967:363;2305843009213693973:3,Symbolica_default,cached_powers_Q,99,162,1.707,BalancedZippelSeparated
fire7_nb0_rank0271,Automatic,1,ok,5471.009,328,2,1,0,0,2305843009213693967:325;2305843009213693973:3,Symbolica_default,cached_powers_Q,179,63,1.813,BalancedZippelSeparated
fire7_nb0_rank0272,Automatic,1,ok,6405.511,381,2,1,0,0,2305843009213693967:378;2305843009213693973:3,Symbolica_default,cached_powers_Q,184,70,1.729,BalancedZippelSeparated
fire7_nb0_rank0273,Automatic,1,ok,6556.433,383,2,1,0,0,2305843009213693967:380;2305843009213693973:3,Symbolica_default,cached_powers_Q,207,35,2.213,BalancedZippelSeparated
fire7_nb0_rank0274,Automatic,1,ok,7101.474,425,2,1,0,0,2305843009213693967:422;2305843009213693973:3,Symbolica_default,cached_powers_Q,227,35,2.035,BalancedZippelSeparated
fire7_nb0_rank0275,Automatic,1,ok,9796.564,521,2,1,0,0,2305843009213693967:518;2305843009213693973:3,Symbolica_default,cached_powers_Q,216,55,2.039,BalancedZippelSeparated
fire7_nb0_rank0276,Automatic,1,ok,5488.899,301,2,1,0,0,2305843009213693967:298;2305843009213693973:3,Symbolica_default,cached_powers_Q,179,63,1.618,BalancedZippelSeparated
fire7_nb0_rank0277,Automatic,1,ok,6178.832,361,2,1,0,0,2305843009213693967:358;2305843009213693973:3,Symbolica_default,cached_powers_Q,178,63,2.122,BalancedZippelSeparated
fire7_nb0_rank0278,Automatic,1,ok,9986.584,494,2,1,0,0,2305843009213693967:491;2305843009213693973:3,Symbolica_default,cached_powers_Q,198,65,1.751,BalancedZippelSeparated
fire7_nb0_rank0279,Automatic,1,ok,6633.183,387,2,1,0,0,2305843009213693967:384;2305843009213693973:3,Symbolica_default,cached_powers_Q,209,45,2.295,BalancedZippelSeparated
fire7_nb0_rank0280,Automatic,1,ok,5788.440,313,2,1,0,0,2305843009213693967:310;2305843009213693973:3,Symbolica_default,cached_powers_Q,192,56,1.634,BalancedZippelSeparated
fire7_nb0_rank0281,Automatic,1,ok,5502.799,323,2,1,0,0,2305843009213693967:320;2305843009213693973:3,Symbolica_default,cached_powers_Q,162,84,1.787,BalancedZippelSeparated
fire7_nb0_rank0282,Automatic,1,ok,6553.483,368,2,1,0,0,2305843009213693967:365;2305843009213693973:3,Symbolica_default,cached_powers_Q,96,162,1.784,BalancedZippelSeparated
fire7_nb0_rank0283,Automatic,1,ok,9234.602,423,2,1,0,0,2305843009213693967:420;2305843009213693973:3,Symbolica_default,cached_powers_Q,174,95,1.909,BalancedZippelSeparated
fire7_nb0_rank0284,Automatic,1,ok,5888.310,302,2,1,0,0,2305843009213693967:299;2305843009213693973:3,Symbolica_default,cached_powers_Q,139,108,1.759,BalancedZippelSeparated
fire7_nb0_rank0285,Automatic,1,ok,5903.990,358,2,1,0,0,2305843009213693967:355;2305843009213693973:3,Symbolica_default,cached_powers_Q,166,85,1.836,BalancedZippelSeparated
fire7_nb0_rank0286,Automatic,1,ok,6653.403,407,2,1,0,0,2305843009213693967:404;2305843009213693973:3,Symbolica_default,cached_powers_Q,175,90,1.719,BalancedZippelSeparated
fire7_nb0_rank0287,Automatic,1,ok,5183.028,279,2,1,0,0,2305843009213693967:276;2305843009213693973:3,Symbolica_default,cached_powers_Q,171,64,1.813,BalancedZippelSeparated
fire7_nb0_rank0288,Automatic,1,ok,7240.705,517,2,1,0,0,2305843009213693967:514;2305843009213693973:3,Symbolica_default,cached_powers_Q,198,60,1.698,BalancedZippelSeparated
fire7_nb0_rank0289,Automatic,1,ok,6351.372,396,2,1,0,0,2305843009213693967:393;2305843009213693973:3,Symbolica_default,cached_powers_Q,196,48,1.639,BalancedZippelSeparated
fire7_nb0_rank0290,Automatic,1,ok,9906.884,495,2,1,0,0,2305843009213693967:492;2305843009213693973:3,Symbolica_default,cached_powers_Q,198,65,1.698,BalancedZippelSeparated
fire7_nb0_rank0291,Automatic,1,ok,6301.832,407,2,1,0,0,2305843009213693967:404;2305843009213693973:3,Symbolica_default,cached_powers_Q,175,90,1.869,BalancedZippelSeparated
fire7_nb0_rank0292,Automatic,1,ok,5704.310,339,2,1,0,0,2305843009213693967:336;2305843009213693973:3,Symbolica_default,cached_powers_Q,162,72,1.563,BalancedZippelSeparated
fire7_nb0_rank0293,Automatic,1,ok,5635.650,314,2,1,0,0,2305843009213693967:311;2305843009213693973:3,Symbolica_default,cached_powers_Q,198,40,2.073,BalancedZippelSeparated
fire7_nb0_rank0294,Automatic,1,ok,5835.470,337,2,1,0,0,2305843009213693967:334;2305843009213693973:3,Symbolica_default,cached_powers_Q,173,66,1.674,BalancedZippelSeparated
fire7_nb0_rank0295,Automatic,1,ok,5676.779,336,2,1,0,0,2305843009213693967:333;2305843009213693973:3,Symbolica_default,cached_powers_Q,171,72,1.823,BalancedZippelSeparated
fire7_nb0_rank0296,Automatic,1,ok,5950.981,343,2,1,0,0,2305843009213693967:340;2305843009213693973:3,Symbolica_default,cached_powers_Q,144,102,1.640,BalancedZippelSeparated
fire7_nb0_rank0297,Automatic,1,ok,5727.460,299,2,1,0,0,2305843009213693967:296;2305843009213693973:3,Symbolica_default,cached_powers_Q,179,54,2.154,BalancedZippelSeparated
fire7_nb0_rank0298,Automatic,1,ok,5762.470,351,2,1,0,0,2305843009213693967:348;2305843009213693973:3,Symbolica_default,cached_powers_Q,184,54,1.619,BalancedZippelSeparated
fire7_nb0_rank0299,Automatic,1,ok,9695.003,516,2,1,0,0,2305843009213693967:513;2305843009213693973:3,Symbolica_default,cached_powers_Q,198,60,1.936,BalancedZippelSeparated
fire7_nb0_rank0300,Automatic,1,ok,5876.900,346,2,1,0,0,2305843009213693967:343;2305843009213693973:3,Symbolica_default,cached_powers_Q,184,54,1.601,BalancedZippelSeparated
fire7_nb0_rank0301,Automatic,1,ok,6155.451,391,2,1,0,0,2305843009213693967:388;2305843009213693973:3,Symbolica_default,cached_powers_Q,148,95,1.818,BalancedZippelSeparated
fire7_nb0_rank0302,Automatic,1,ok,6225.212,391,2,1,0,0,2305843009213693967:388;2305843009213693973:3,Symbolica_default,cached_powers_Q,148,95,1.694,BalancedZippelSeparated
fire7_nb0_rank0303,Automatic,1,ok,5936.490,363,2,1,0,0,2305843009213693967:360;2305843009213693973:3,Symbolica_default,cached_powers_Q,168,85,1.869,BalancedZippelSeparated
fire7_nb0_rank0304,Automatic,1,ok,5550.729,308,2,1,0,0,2305843009213693967:305;2305843009213693973:3,Symbolica_default,cached_powers_Q,184,56,1.593,BalancedZippelSeparated
fire7_nb0_rank0305,Automatic,1,ok,5157.778,274,2,1,0,0,2305843009213693967:271;2305843009213693973:3,Symbolica_default,cached_powers_Q,162,64,1.746,BalancedZippelSeparated
fire7_nb0_rank0306,Automatic,1,ok,5845.650,358,2,1,0,0,2305843009213693967:355;2305843009213693973:3,Symbolica_default,cached_powers_Q,165,72,1.598,BalancedZippelSeparated
fire7_nb0_rank0307,Automatic,1,ok,5594.320,335,2,1,0,0,2305843009213693967:332;2305843009213693973:3,Symbolica_default,cached_powers_Q,167,65,1.814,BalancedZippelSeparated
fire7_nb0_rank0308,Automatic,1,ok,5641.899,313,2,1,0,0,2305843009213693967:310;2305843009213693973:3,Symbolica_default,cached_powers_Q,90,154,1.587,BalancedZippelSeparated
fire7_nb0_rank0309,Automatic,1,ok,5711.949,368,2,1,0,0,2305843009213693967:365;2305843009213693973:3,Symbolica_default,cached_powers_Q,152,90,1.755,BalancedZippelSeparated
fire7_nb0_rank0310,Automatic,1,ok,5923.320,396,2,1,0,0,2305843009213693967:393;2305843009213693973:3,Symbolica_default,cached_powers_Q,181,48,1.648,BalancedZippelSeparated
fire7_nb0_rank0311,Automatic,1,ok,5462.939,324,2,1,0,0,2305843009213693967:321;2305843009213693973:3,Symbolica_default,cached_powers_Q,120,108,1.746,BalancedZippelSeparated
fire7_nb0_rank0312,Automatic,1,ok,5675.110,324,2,1,0,0,2305843009213693967:321;2305843009213693973:3,Symbolica_default,cached_powers_Q,120,108,1.539,BalancedZippelSeparated
fire7_nb0_rank0313,Automatic,1,ok,6120.501,397,2,1,0,0,2305843009213693967:394;2305843009213693973:3,Symbolica_default,cached_powers_Q,196,40,1.828,BalancedZippelSeparated
fire7_nb0_rank0314,Automatic,1,ok,5361.879,265,2,1,0,0,2305843009213693967:262;2305843009213693973:3,Symbolica_default,cached_powers_Q,131,108,1.613,BalancedZippelSeparated
fire7_nb0_rank0315,Automatic,1,ok,6233.602,408,2,1,0,0,2305843009213693967:405;2305843009213693973:3,Symbolica_default,cached_powers_Q,153,80,1.849,BalancedZippelSeparated
fire7_nb0_rank0316,Automatic,1,ok,5811.580,369,2,1,0,0,2305843009213693967:366;2305843009213693973:3,Symbolica_default,cached_powers_Q,144,90,1.569,BalancedZippelSeparated
fire7_nb0_rank0317,Automatic,1,ok,6226.931,408,2,1,0,0,2305843009213693967:405;2305843009213693973:3,Symbolica_default,cached_powers_Q,152,80,1.772,BalancedZippelSeparated
fire7_nb0_rank0318,Automatic,1,ok,5773.719,358,2,1,0,0,2305843009213693967:355;2305843009213693973:3,Symbolica_default,cached_powers_Q,175,45,1.571,BalancedZippelSeparated
fire7_nb0_rank0319,Automatic,1,ok,5615.789,351,2,1,0,0,2305843009213693967:348;2305843009213693973:3,Symbolica_default,cached_powers_Q,184,45,1.781,BalancedZippelSeparated
fire7_nb0_rank0320,Automatic,1,ok,7118.334,457,2,1,0,0,2305843009213693967:454;2305843009213693973:3,Symbolica_default,cached_powers_Q,147,96,1.445,BalancedZippelSeparated
fire7_nb0_rank0321,Automatic,1,ok,6103.971,373,2,1,0,0,2305843009213693967:370;2305843009213693973:3,Symbolica_default,cached_powers_Q,150,85,1.882,BalancedZippelSeparated
fire7_nb0_rank0322,Automatic,1,ok,7026.814,373,2,1,0,0,2305843009213693967:370;2305843009213693973:3,Symbolica_default,cached_powers_Q,150,85,1.653,BalancedZippelSeparated
fire7_nb0_rank0323,Automatic,1,ok,6188.471,400,2,1,0,0,2305843009213693967:397;2305843009213693973:3,Symbolica_default,cached_powers_Q,161,72,1.779,BalancedZippelSeparated
fire7_nb0_rank0324,Automatic,1,ok,5936.761,350,2,1,0,0,2305843009213693967:347;2305843009213693973:3,Symbolica_default,cached_powers_Q,195,40,1.600,BalancedZippelSeparated
fire7_nb0_rank0325,Automatic,1,ok,7096.764,534,2,1,0,0,2305843009213693967:531;2305843009213693973:3,Symbolica_default,cached_powers_Q,150,100,1.919,BalancedZippelSeparated
fire7_nb0_rank0326,Automatic,1,ok,6438.292,414,2,1,0,0,2305843009213693967:411;2305843009213693973:3,Symbolica_default,cached_powers_Q,153,80,1.640,BalancedZippelSeparated
fire7_nb0_rank0327,Automatic,1,ok,6511.192,443,2,1,0,0,2305843009213693967:440;2305843009213693973:3,Symbolica_default,cached_powers_Q,147,88,1.817,BalancedZippelSeparated
fire7_nb0_rank0328,Automatic,1,ok,5382.738,287,2,1,0,0,2305843009213693967:284;2305843009213693973:3,Symbolica_default,cached_powers_Q,159,49,1.717,BalancedZippelSeparated
fire7_nb0_rank0329,Automatic,1,ok,5952.060,363,2,1,0,0,2305843009213693967:360;2305843009213693973:3,Symbolica_default,cached_powers_Q,144,85,1.852,BalancedZippelSeparated
fire7_nb0_rank0330,Automatic,1,ok,5605.690,314,2,1,0,0,2305843009213693967:311;2305843009213693973:3,Symbolica_default,cached_powers_Q,152,72,1.569,BalancedZippelSeparated
fire7_nb0_rank0331,Automatic,1,ok,5464.919,267,2,1,0,0,2305843009213693967:264;2305843009213693973:3,Symbolica_default,cached_powers_Q,171,40,2.189,BalancedZippelSeparated
fire7_nb0_rank0332,Automatic,1,ok,5663.520,321,2,1,0,0,2305843009213693967:318;2305843009213693973:3,Symbolica_default,cached_powers_Q,135,90,1.545,BalancedZippelSeparated
fire7_nb0_rank0333,Automatic,1,ok,6229.711,379,2,1,0,0,2305843009213693967:376;2305843009213693973:3,Symbolica_default,cached_powers_Q,122,120,1.827,BalancedZippelSeparated
fire7_nb0_rank0334,Automatic,1,ok,5511.219,318,2,1,0,0,2305843009213693967:315;2305843009213693973:3,Symbolica_default,cached_powers_Q,156,65,1.538,BalancedZippelSeparated
fire7_nb0_rank0335,Automatic,1,ok,5480.699,324,2,1,0,0,2305843009213693967:321;2305843009213693973:3,Symbolica_default,cached_powers_Q,120,90,1.754,BalancedZippelSeparated
fire7_nb0_rank0336,Automatic,1,ok,5859.820,345,2,1,0,0,2305843009213693967:342;2305843009213693973:3,Symbolica_default,cached_powers_Q,174,60,1.607,BalancedZippelSeparated
fire7_nb0_rank0337,Automatic,1,ok,6960.024,519,2,1,0,0,2305843009213693967:516;2305843009213693973:3,Symbolica_default,cached_powers_Q,144,100,1.854,BalancedZippelSeparated
fire7_nb0_rank0338,Automatic,1,ok,5331.268,281,2,1,0,0,2305843009213693967:278;2305843009213693973:3,Symbolica_default,cached_powers_Q,135,78,1.528,BalancedZippelSeparated
fire7_nb0_rank0339,Automatic,1,ok,5604.729,273,2,1,0,0,2305843009213693967:270;2305843009213693973:3,Symbolica_default,cached_powers_Q,160,56,1.737,BalancedZippelSeparated
fire7_nb0_rank0340,Automatic,1,ok,5889.010,363,2,1,0,0,2305843009213693967:360;2305843009213693973:3,Symbolica_default,cached_powers_Q,175,55,1.526,BalancedZippelSeparated
fire7_nb0_rank0341,Automatic,1,ok,5505.009,324,2,1,0,0,2305843009213693967:321;2305843009213693973:3,Symbolica_default,cached_powers_Q,166,42,1.908,BalancedZippelSeparated
fire7_nb0_rank0342,Automatic,1,ok,6102.681,402,2,1,0,0,2305843009213693967:399;2305843009213693973:3,Symbolica_default,cached_powers_Q,186,40,1.555,BalancedZippelSeparated
fire7_nb0_rank0343,Automatic,1,ok,5728.120,356,2,1,0,0,2305843009213693967:353;2305843009213693973:3,Symbolica_default,cached_powers_Q,181,30,2.017,BalancedZippelSeparated
fire7_nb0_rank0344,Automatic,1,ok,5373.079,267,2,1,0,0,2305843009213693967:264;2305843009213693973:3,Symbolica_default,cached_powers_Q,80,140,1.492,BalancedZippelSeparated
fire7_nb0_rank0345,Automatic,1,ok,5858.260,380,2,1,0,0,2305843009213693967:377;2305843009213693973:3,Symbolica_default,cached_powers_Q,147,72,1.742,BalancedZippelSeparated
fire7_nb0_rank0346,Automatic,1,ok,5176.248,257,2,1,0,0,2305843009213693967:254;2305843009213693973:3,Symbolica_default,cached_powers_Q,162,40,1.988,BalancedZippelSeparated
fire7_nb0_rank0347,Automatic,1,ok,6169.491,432,2,1,0,0,2305843009213693967:429;2305843009213693973:3,Symbolica_default,cached_powers_Q,186,40,1.826,BalancedZippelSeparated
fire7_nb0_rank0348,Automatic,1,ok,6078.691,280,2,1,0,0,2305843009213693967:277;2305843009213693973:3,Symbolica_default,cached_powers_Q,152,56,1.484,BalancedZippelSeparated
fire7_nb0_rank0349,Automatic,1,ok,4991.967,277,2,1,0,0,2305843009213693967:274;2305843009213693973:3,Symbolica_default,cached_powers_Q,152,54,1.731,BalancedZippelSeparated
fire7_nb0_rank0350,Automatic,1,ok,5270.858,268,2,1,0,0,2305843009213693967:265;2305843009213693973:3,Symbolica_default,cached_powers_Q,152,56,1.469,BalancedZippelSeparated
fire7_nb0_rank0351,Automatic,1,ok,6013.220,410,2,1,0,0,2305843009213693967:407;2305843009213693973:3,Symbolica_default,cached_powers_Q,154,75,1.767,BalancedZippelSeparated
fire7_nb0_rank0352,Automatic,1,ok,6070.810,382,2,1,0,0,2305843009213693967:379;2305843009213693973:3,Symbolica_default,cached_powers_Q,157,68,1.562,BalancedZippelSeparated
fire7_nb0_rank0353,Automatic,1,ok,5535.129,333,2,1,0,0,2305843009213693967:330;2305843009213693973:3,Symbolica_default,cached_powers_Q,120,90,1.741,BalancedZippelSeparated
fire7_nb0_rank0354,Automatic,1,ok,5139.318,275,2,1,0,0,2305843009213693967:272;2305843009213693973:3,Symbolica_default,cached_powers_Q,171,35,1.847,BalancedZippelSeparated
fire7_nb0_rank0355,Automatic,1,ok,6332.451,410,2,1,0,0,2305843009213693967:407;2305843009213693973:3,Symbolica_default,cached_powers_Q,119,100,1.690,BalancedZippelSeparated
fire7_nb0_rank0356,Automatic,1,ok,6296.181,375,2,1,0,0,2305843009213693967:372;2305843009213693973:3,Symbolica_default,cached_powers_Q,150,68,1.545,BalancedZippelSeparated
fire7_nb0_rank0357,Automatic,1,ok,4877.197,263,2,1,0,0,2305843009213693967:260;2305843009213693973:3,Symbolica_default,cached_powers_Q,126,84,1.663,BalancedZippelSeparated
fire7_nb0_rank0358,Automatic,1,ok,4581.116,340,2,1,0,0,2305843009213693967:337;2305843009213693973:3,Symbolica_default,cached_powers_Q,174,24,1.943,BalancedZippelSeparated
fire7_nb0_rank0359,Automatic,1,ok,5400.589,326,2,1,0,0,2305843009213693967:323;2305843009213693973:3,Symbolica_default,cached_powers_Q,144,60,1.670,BalancedZippelSeparated
fire7_nb0_rank0360,Automatic,1,ok,5717.189,325,2,1,0,0,2305843009213693967:322;2305843009213693973:3,Symbolica_default,cached_powers_Q,158,45,1.649,BalancedZippelSeparated
fire7_nb0_rank0361,Automatic,1,ok,5691.669,305,2,1,0,0,2305843009213693967:302;2305843009213693973:3,Symbolica_default,cached_powers_Q,135,70,1.290,BalancedZippelSeparated
fire7_nb0_rank0362,Automatic,1,ok,5322.098,279,2,1,0,0,2305843009213693967:276;2305843009213693973:3,Symbolica_default,cached_powers_Q,144,60,1.491,BalancedZippelSeparated
fire7_nb0_rank0363,Automatic,1,ok,5942.440,365,2,1,0,0,2305843009213693967:362;2305843009213693973:3,Symbolica_default,cached_powers_Q,144,68,1.787,BalancedZippelSeparated
fire7_nb0_rank0364,Automatic,1,ok,5729.370,320,2,1,0,0,2305843009213693967:317;2305843009213693973:3,Symbolica_default,cached_powers_Q,154,52,1.395,BalancedZippelSeparated
fire7_nb0_rank0365,Automatic,1,ok,5865.569,348,2,1,0,0,2305843009213693967:345;2305843009213693973:3,Symbolica_default,cached_powers_Q,187,25,2.017,BalancedZippelSeparated
fire7_nb0_rank0366,Automatic,1,ok,5368.019,256,2,1,0,0,2305843009213693967:253;2305843009213693973:3,Symbolica_default,cached_powers_Q,72,140,1.472,BalancedZippelSeparated
fire7_nb0_rank0367,Automatic,1,ok,5090.607,305,2,1,0,0,2305843009213693967:302;2305843009213693973:3,Symbolica_default,cached_powers_Q,144,60,1.581,BalancedZippelSeparated
fire7_nb0_rank0368,Automatic,1,ok,6623.463,408,2,1,0,0,2305843009213693967:405;2305843009213693973:3,Symbolica_default,cached_powers_Q,186,28,1.626,BalancedZippelSeparated
fire7_nb0_rank0369,Automatic,1,ok,5144.737,305,2,1,0,0,2305843009213693967:302;2305843009213693973:3,Symbolica_default,cached_powers_Q,139,65,1.645,BalancedZippelSeparated
fire7_nb0_rank0370,Automatic,1,ok,5542.579,305,2,1,0,0,2305843009213693967:302;2305843009213693973:3,Symbolica_default,cached_powers_Q,164,40,1.515,BalancedZippelSeparated
fire7_nb0_rank0371,Automatic,1,ok,5410.738,309,2,1,0,0,2305843009213693967:306;2305843009213693973:3,Symbolica_default,cached_powers_Q,148,55,1.742,BalancedZippelSeparated
fire7_nb0_rank0372,Automatic,1,ok,5807.500,336,2,1,0,0,2305843009213693967:333;2305843009213693973:3,Symbolica_default,cached_powers_Q,119,90,1.240,BalancedZippelSeparated
fire7_nb0_rank0373,Automatic,1,ok,4918.066,269,2,1,0,0,2305843009213693967:266;2305843009213693973:3,Symbolica_default,cached_powers_Q,152,48,1.751,BalancedZippelSeparated
fire7_nb0_rank0374,Automatic,1,ok,6292.081,399,2,1,0,0,2305843009213693967:396;2305843009213693973:3,Symbolica_default,cached_powers_Q,179,36,1.994,BalancedZippelSeparated
fire7_nb0_rank0375,Automatic,1,ok,5347.718,303,2,1,0,0,2305843009213693967:300;2305843009213693973:3,Symbolica_default,cached_powers_Q,147,60,1.728,BalancedZippelSeparated
fire7_nb0_rank0376,Automatic,1,ok,5488.898,324,2,1,0,0,2305843009213693967:321;2305843009213693973:3,Symbolica_default,cached_powers_Q,151,45,1.501,BalancedZippelSeparated
fire7_nb0_rank0377,Automatic,1,ok,6318.982,400,2,1,0,0,2305843009213693967:397;2305843009213693973:3,Symbolica_default,cached_powers_Q,180,28,2.049,BalancedZippelSeparated
fire7_nb0_rank0378,Automatic,1,ok,5453.168,293,2,1,0,0,2305843009213693967:290;2305843009213693973:3,Symbolica_default,cached_powers_Q,147,60,1.537,BalancedZippelSeparated
fire7_nb0_rank0379,Automatic,1,ok,4898.176,267,2,1,0,0,2305843009213693967:264;2305843009213693973:3,Symbolica_default,cached_powers_Q,152,48,1.673,BalancedZippelSeparated
fire7_nb0_rank0380,Automatic,1,ok,5135.127,264,2,1,0,0,2305843009213693967:261;2305843009213693973:3,Symbolica_default,cached_powers_Q,144,60,1.491,BalancedZippelSeparated
fire7_nb0_rank0381,Automatic,1,ok,5488.659,331,2,1,0,0,2305843009213693967:328;2305843009213693973:3,Symbolica_default,cached_powers_Q,125,85,1.718,BalancedZippelSeparated
fire7_nb0_rank0382,Automatic,1,ok,4863.716,208,2,1,0,0,2305843009213693967:205;2305843009213693973:3,Symbolica_default,cached_powers_Q,97,98,1.467,BalancedZippelSeparated
fire7_nb0_rank0383,Automatic,1,ok,5066.838,254,2,1,0,0,2305843009213693967:251;2305843009213693973:3,Symbolica_default,cached_powers_Q,140,54,1.502,BalancedZippelSeparated
fire7_nb0_rank0384,Automatic,1,ok,6718.092,414,2,1,0,0,2305843009213693967:411;2305843009213693973:3,Symbolica_default,cached_powers_Q,179,36,1.604,BalancedZippelSeparated
fire7_nb0_rank0385,Automatic,1,ok,5873.950,332,2,1,0,0,2305843009213693967:329;2305843009213693973:3,Symbolica_default,cached_powers_Q,87,125,1.513,BalancedZippelSeparated
fire7_nb0_rank0386,Automatic,1,ok,5247.728,267,2,1,0,0,2305843009213693967:264;2305843009213693973:3,Symbolica_default,cached_powers_Q,148,42,1.659,BalancedZippelSeparated
fire7_nb0_rank0387,Automatic,1,ok,5847.989,332,2,1,0,0,2305843009213693967:329;2305843009213693973:3,Symbolica_default,cached_powers_Q,87,125,1.452,BalancedZippelSeparated
fire7_nb0_rank0388,Automatic,1,ok,5518.769,280,2,1,0,0,2305843009213693967:277;2305843009213693973:3,Symbolica_default,cached_powers_Q,101,100,1.487,BalancedZippelSeparated
fire7_nb0_rank0389,Automatic,1,ok,5116.537,266,2,1,0,0,2305843009213693967:263;2305843009213693973:3,Symbolica_default,cached_powers_Q,101,100,1.707,BalancedZippelSeparated
fire7_nb0_rank0390,Automatic,1,ok,5703.690,319,2,1,0,0,2305843009213693967:316;2305843009213693973:3,Symbolica_default,cached_powers_Q,112,100,1.495,BalancedZippelSeparated
fire7_nb0_rank0391,Automatic,1,ok,7037.724,477,2,1,0,0,2305843009213693967:474;2305843009213693973:3,Symbolica_default,cached_powers_Q,164,66,1.573,BalancedZippelSeparated
fire7_nb0_rank0392,Automatic,1,ok,5283.318,287,2,1,0,0,2305843009213693967:284;2305843009213693973:3,Symbolica_default,cached_powers_Q,144,45,1.390,BalancedZippelSeparated
fire7_nb0_rank0393,Automatic,1,ok,5338.228,361,2,1,0,0,2305843009213693967:358;2305843009213693973:3,Symbolica_default,cached_powers_Q,161,32,1.664,BalancedZippelSeparated
fire7_nb0_rank0394,Automatic,1,ok,5189.658,258,2,1,0,0,2305843009213693967:255;2305843009213693973:3,Symbolica_default,cached_powers_Q,160,35,1.977,BalancedZippelSeparated
fire7_nb0_rank0395,Automatic,1,ok,5611.349,383,2,1,0,0,2305843009213693967:380;2305843009213693973:3,Symbolica_default,cached_powers_Q,169,35,1.761,BalancedZippelSeparated
fire7_nb0_rank0396,Automatic,1,ok,5329.698,279,2,1,0,0,2305843009213693967:276;2305843009213693973:3,Symbolica_default,cached_powers_Q,135,60,1.424,BalancedZippelSeparated
fire7_nb0_rank0397,Automatic,1,ok,6093.401,391,2,1,0,0,2305843009213693967:388;2305843009213693973:3,Symbolica_default,cached_powers_Q,175,28,2.029,BalancedZippelSeparated
fire7_nb0_rank0398,Automatic,1,ok,5456.858,330,2,1,0,0,2305843009213693967:327;2305843009213693973:3,Symbolica_default,cached_powers_Q,173,30,1.448,BalancedZippelSeparated
fire7_nb0_rank0399,Automatic,1,ok,5524.749,326,2,1,0,0,2305843009213693967:323;2305843009213693973:3,Symbolica_default,cached_powers_Q,152,48,1.463,BalancedZippelSeparated
fire7_nb0_rank0400,Automatic,1,ok,4969.677,237,2,1,0,0,2305843009213693967:234;2305843009213693973:3,Symbolica_default,cached_powers_Q,136,56,1.426,BalancedZippelSeparated
fire7_nb0_rank0401,Automatic,1,ok,5227.017,233,2,1,0,0,2305843009213693967:230;2305843009213693973:3,Symbolica_default,cached_powers_Q,126,63,1.330,BalancedZippelSeparated
fire7_nb0_rank0402,Automatic,1,ok,5678.509,350,2,1,0,0,2305843009213693967:347;2305843009213693973:3,Symbolica_default,cached_powers_Q,126,72,1.433,BalancedZippelSeparated
fire7_nb0_rank0403,Automatic,1,ok,4891.446,229,2,1,0,0,2305843009213693967:226;2305843009213693973:3,Symbolica_default,cached_powers_Q,134,49,1.808,BalancedZippelSeparated
fire7_nb0_rank0404,Automatic,1,ok,5300.309,285,2,1,0,0,2305843009213693967:282;2305843009213693973:3,Symbolica_default,cached_powers_Q,154,48,1.455,BalancedZippelSeparated
fire7_nb0_rank0405,Automatic,1,ok,4819.557,244,2,1,0,0,2305843009213693967:241;2305843009213693973:3,Symbolica_default,cached_powers_Q,134,49,1.758,BalancedZippelSeparated
fire7_nb0_rank0406,Automatic,1,ok,5469.899,320,2,1,0,0,2305843009213693967:317;2305843009213693973:3,Symbolica_default,cached_powers_Q,160,36,1.439,BalancedZippelSeparated
fire7_nb0_rank0407,Automatic,1,ok,4666.426,227,2,1,0,0,2305843009213693967:224;2305843009213693973:3,Symbolica_default,cached_powers_Q,126,63,1.305,BalancedZippelSeparated
fire7_nb0_rank0408,Automatic,1,ok,5683.920,324,2,1,0,0,2305843009213693967:321;2305843009213693973:3,Symbolica_default,cached_powers_Q,125,75,1.196,BalancedZippelSeparated
fire7_nb0_rank0409,Automatic,1,ok,5699.330,247,2,1,0,0,2305843009213693967:244;2305843009213693973:3,Symbolica_default,cached_powers_Q,152,35,1.520,BalancedZippelSeparated
fire7_nb0_rank0410,Automatic,1,ok,6335.481,443,2,1,0,0,2305843009213693967:440;2305843009213693973:3,Symbolica_default,cached_powers_Q,143,60,1.438,BalancedZippelSeparated
fire7_nb0_rank0411,Automatic,1,ok,4593.186,234,2,1,0,0,2305843009213693967:231;2305843009213693973:3,Symbolica_default,cached_powers_Q,99,84,1.596,BalancedZippelSeparated
fire7_nb0_rank0412,Automatic,1,ok,5230.168,298,2,1,0,0,2305843009213693967:295;2305843009213693973:3,Symbolica_default,cached_powers_Q,154,48,1.382,BalancedZippelSeparated
fire7_nb0_rank0413,Automatic,1,ok,2434.548,283,2,1,0,0,2305843009213693967:280;2305843009213693973:3,Symbolica_default,cached_powers_Q,143,40,1.639,BalancedZippelSeparated
fire7_nb0_rank0414,Automatic,1,ok,3031.501,344,2,1,0,0,2305843009213693967:341;2305843009213693973:3,Symbolica_default,cached_powers_Q,119,76,1.386,BalancedZippelSeparated
fire7_nb0_rank0415,Automatic,1,ok,2351.088,238,2,1,0,0,2305843009213693967:235;2305843009213693973:3,Symbolica_default,cached_powers_Q,144,35,1.801,BalancedZippelSeparated
fire7_nb0_rank0416,Automatic,1,ok,2562.229,241,2,1,0,0,2305843009213693967:238;2305843009213693973:3,Symbolica_default,cached_powers_Q,152,28,1.613,BalancedZippelSeparated
fire7_nb0_rank0417,Automatic,1,ok,2821.550,306,2,1,0,0,2305843009213693967:303;2305843009213693973:3,Symbolica_default,cached_powers_Q,161,28,1.831,BalancedZippelSeparated
fire7_nb0_rank0418,Automatic,1,ok,2340.839,242,2,1,0,0,2305843009213693967:239;2305843009213693973:3,Symbolica_default,cached_powers_Q,128,45,1.333,BalancedZippelSeparated
fire7_nb0_rank0419,Automatic,1,ok,1924.337,193,2,1,0,0,2305843009213693967:190;2305843009213693973:3,Symbolica_default,cached_powers_Q,97,84,1.476,BalancedZippelSeparated
fire7_nb0_rank0420,Automatic,1,ok,2759.480,303,2,1,0,0,2305843009213693967:300;2305843009213693973:3,Symbolica_default,cached_powers_Q,125,68,1.330,BalancedZippelSeparated
fire7_nb0_rank0421,Automatic,1,ok,2816.989,288,2,1,0,0,2305843009213693967:285;2305843009213693973:3,Symbolica_default,cached_powers_Q,146,35,1.466,BalancedZippelSeparated
fire7_nb0_rank0422,Automatic,1,ok,2016.216,209,2,1,0,0,2305843009213693967:206;2305843009213693973:3,Symbolica_default,cached_powers_Q,104,72,1.305,BalancedZippelSeparated
fire7_nb0_rank0423,Automatic,1,ok,2590.289,274,2,1,0,0,2305843009213693967:271;2305843009213693973:3,Symbolica_default,cached_powers_Q,112,70,1.414,BalancedZippelSeparated
fire7_nb0_rank0424,Automatic,1,ok,2252.677,232,2,1,0,0,2305843009213693967:229;2305843009213693973:3,Symbolica_default,cached_powers_Q,144,28,1.719,BalancedZippelSeparated
fire7_nb0_rank0425,Automatic,1,ok,3425.302,426,2,1,0,0,2305843009213693967:423;2305843009213693973:3,Symbolica_default,cached_powers_Q,143,54,1.645,BalancedZippelSeparated
fire7_nb0_rank0426,Automatic,1,ok,2778.540,290,2,1,0,0,2305843009213693967:287;2305843009213693973:3,Symbolica_default,cached_powers_Q,119,72,1.410,BalancedZippelSeparated
fire7_nb0_rank0427,Automatic,1,ok,2320.468,234,2,1,0,0,2305843009213693967:231;2305843009213693973:3,Symbolica_default,cached_powers_Q,99,72,1.327,BalancedZippelSeparated
fire7_nb0_rank0428,Automatic,1,ok,7533.635,261,2,1,0,0,2305843009213693967:258;2305843009213693973:3,Symbolica_default,cached_powers_Q,147,30,1.697,BalancedZippelSeparated
fire7_nb0_rank0429,Automatic,1,ok,5987.111,421,2,1,0,0,2305843009213693967:418;2305843009213693973:3,Symbolica_default,cached_powers_Q,131,60,1.583,BalancedZippelSeparated
fire7_nb0_rank0430,Automatic,1,ok,5134.557,367,2,1,0,0,2305843009213693967:364;2305843009213693973:3,Symbolica_default,cached_powers_Q,114,80,1.378,BalancedZippelSeparated
fire7_nb0_rank0431,Automatic,1,ok,2712.369,261,2,1,0,0,2305843009213693967:258;2305843009213693973:3,Symbolica_default,cached_powers_Q,85,100,1.611,BalancedZippelSeparated
fire7_nb0_rank0432,Automatic,1,ok,2532.828,314,2,1,0,0,2305843009213693967:311;2305843009213693973:3,Symbolica_default,cached_powers_Q,137,35,1.753,BalancedZippelSeparated
fire7_nb0_rank0433,Automatic,1,ok,5583.370,287,2,1,0,0,2305843009213693967:284;2305843009213693973:3,Symbolica_default,cached_powers_Q,140,36,1.623,BalancedZippelSeparated
fire7_nb0_rank0434,Automatic,1,ok,4094.014,408,2,1,0,0,2305843009213693967:405;2305843009213693973:3,Symbolica_default,cached_powers_Q,126,60,1.618,BalancedZippelSeparated
fire7_nb0_rank0435,Automatic,1,ok,11006.638,342,2,1,0,0,2305843009213693967:339;2305843009213693973:3,Symbolica_default,cached_powers_Q,143,44,1.339,BalancedZippelSeparated
fire7_nb0_rank0436,Automatic,1,ok,5827.220,244,2,1,0,0,2305843009213693967:241;2305843009213693973:3,Symbolica_default,cached_powers_Q,112,65,1.294,BalancedZippelSeparated
fire7_nb0_rank0437,Automatic,1,ok,5680.459,315,2,1,0,0,2305843009213693967:312;2305843009213693973:3,Symbolica_default,cached_powers_Q,156,28,1.752,BalancedZippelSeparated
fire7_nb0_rank0438,Automatic,1,ok,1919.996,224,2,1,0,0,2305843009213693967:221;2305843009213693973:3,Symbolica_default,cached_powers_Q,119,48,1.366,BalancedZippelSeparated
fire7_nb0_rank0439,Automatic,1,ok,5434.109,336,2,1,0,0,2305843009213693967:333;2305843009213693973:3,Symbolica_default,cached_powers_Q,131,56,1.608,BalancedZippelSeparated
fire7_nb0_rank0440,Automatic,1,ok,5598.869,318,2,1,0,0,2305843009213693967:315;2305843009213693973:3,Symbolica_default,cached_powers_Q,126,60,1.361,BalancedZippelSeparated
fire7_nb0_rank0441,Automatic,1,ok,4964.037,257,2,1,0,0,2305843009213693967:254;2305843009213693973:3,Symbolica_default,cached_powers_Q,119,60,1.319,BalancedZippelSeparated
fire7_nb0_rank0442,Automatic,1,ok,5278.698,244,2,1,0,0,2305843009213693967:241;2305843009213693973:3,Symbolica_default,cached_powers_Q,112,65,1.343,BalancedZippelSeparated
fire7_nb0_rank0443,Automatic,1,ok,5414.769,268,2,1,0,0,2305843009213693967:265;2305843009213693973:3,Symbolica_default,cached_powers_Q,139,30,1.900,BalancedZippelSeparated
fire7_nb0_rank0444,Automatic,1,ok,5122.648,286,2,1,0,0,2305843009213693967:283;2305843009213693973:3,Symbolica_default,cached_powers_Q,126,56,1.535,BalancedZippelSeparated
fire7_nb0_rank0445,Automatic,1,ok,5998.741,381,2,1,0,0,2305843009213693967:378;2305843009213693973:3,Symbolica_default,cached_powers_Q,132,54,1.395,BalancedZippelSeparated
fire7_nb0_rank0446,Automatic,1,ok,5057.757,233,2,1,0,0,2305843009213693967:230;2305843009213693973:3,Symbolica_default,cached_powers_Q,117,49,1.823,BalancedZippelSeparated
fire7_nb0_rank0447,Automatic,1,ok,5632.239,321,2,1,0,0,2305843009213693967:318;2305843009213693973:3,Symbolica_default,cached_powers_Q,138,42,1.390,BalancedZippelSeparated
fire7_nb0_rank0448,Automatic,1,ok,5818.440,289,2,1,0,0,2305843009213693967:286;2305843009213693973:3,Symbolica_default,cached_powers_Q,133,52,1.325,BalancedZippelSeparated
fire7_nb0_rank0449,Automatic,1,ok,4974.186,258,2,1,0,0,2305843009213693967:255;2305843009213693973:3,Symbolica_default,cached_powers_Q,93,90,1.551,BalancedZippelSeparated
fire7_nb0_rank0450,Automatic,1,ok,4985.648,246,2,1,0,0,2305843009213693967:243;2305843009213693973:3,Symbolica_default,cached_powers_Q,119,60,1.616,BalancedZippelSeparated
fire7_nb0_rank0451,Automatic,1,ok,5144.678,230,2,1,0,0,2305843009213693967:227;2305843009213693973:3,Symbolica_default,cached_powers_Q,80,108,1.380,BalancedZippelSeparated
fire7_nb0_rank0452,Automatic,1,ok,5633.599,357,2,1,0,0,2305843009213693967:354;2305843009213693973:3,Symbolica_default,cached_powers_Q,108,80,1.520,BalancedZippelSeparated
fire7_nb0_rank0453,Automatic,1,ok,1579.705,184,2,1,0,0,2305843009213693967:181;2305843009213693973:3,Symbolica_default,cached_powers_Q,79,84,1.494,BalancedZippelSeparated
fire7_nb0_rank0454,Automatic,1,ok,5198.808,314,2,1,0,0,2305843009213693967:311;2305843009213693973:3,Symbolica_default,cached_powers_Q,138,36,1.553,BalancedZippelSeparated
fire7_nb0_rank0455,Automatic,1,ok,5445.719,277,2,1,0,0,2305843009213693967:274;2305843009213693973:3,Symbolica_default,cached_powers_Q,126,56,1.411,BalancedZippelSeparated
fire7_nb0_rank0456,Automatic,1,ok,4897.267,229,2,1,0,0,2305843009213693967:226;2305843009213693973:3,Symbolica_default,cached_powers_Q,122,42,1.703,BalancedZippelSeparated
fire7_nb0_rank0457,Automatic,1,ok,4750.337,228,2,1,0,0,2305843009213693967:225;2305843009213693973:3,Symbolica_default,cached_powers_Q,88,78,1.240,BalancedZippelSeparated
fire7_nb0_rank0458,Automatic,1,ok,4963.707,248,2,1,0,0,2305843009213693967:245;2305843009213693973:3,Symbolica_default,cached_powers_Q,97,90,1.428,BalancedZippelSeparated
fire7_nb0_rank0459,Automatic,1,ok,5362.198,282,2,1,0,0,2305843009213693967:279;2305843009213693973:3,Symbolica_default,cached_powers_Q,124,52,1.343,BalancedZippelSeparated
fire7_nb0_rank0460,Automatic,1,ok,5129.167,280,2,1,0,0,2305843009213693967:277;2305843009213693973:3,Symbolica_default,cached_powers_Q,111,65,1.485,BalancedZippelSeparated
fire7_nb0_rank0461,Automatic,1,ok,1796.886,181,2,1,0,0,2305843009213693967:178;2305843009213693973:3,Symbolica_default,cached_powers_Q,90,70,1.196,BalancedZippelSeparated
fire7_nb0_rank0462,Automatic,1,ok,5588.749,328,2,1,0,0,2305843009213693967:325;2305843009213693973:3,Symbolica_default,cached_powers_Q,113,68,1.241,BalancedZippelSeparated
fire7_nb0_rank0463,Automatic,1,ok,4947.297,226,2,1,0,0,2305843009213693967:223;2305843009213693973:3,Symbolica_default,cached_powers_Q,88,78,1.269,BalancedZippelSeparated
fire7_nb0_rank0464,Automatic,1,ok,5215.368,290,2,1,0,0,2305843009213693967:287;2305843009213693973:3,Symbolica_default,cached_powers_Q,119,52,1.394,BalancedZippelSeparated
fire7_nb0_rank0465,Automatic,1,ok,5501.029,326,2,1,0,0,2305843009213693967:323;2305843009213693973:3,Symbolica_default,cached_powers_Q,133,44,1.317,BalancedZippelSeparated
fire7_nb0_rank0466,Automatic,1,ok,5086.047,268,2,1,0,0,2305843009213693967:265;2305843009213693973:3,Symbolica_default,cached_powers_Q,90,95,1.490,BalancedZippelSeparated
fire7_nb0_rank0467,Automatic,1,ok,4914.646,241,2,1,0,0,2305843009213693967:238;2305843009213693973:3,Symbolica_default,cached_powers_Q,111,54,1.646,BalancedZippelSeparated
fire7_nb0_rank0468,Automatic,1,ok,4811.236,221,2,1,0,0,2305843009213693967:218;2305843009213693973:3,Symbolica_default,cached_powers_Q,119,42,1.650,BalancedZippelSeparated
fire7_nb0_rank0469,Automatic,1,ok,6039.901,372,2,1,0,0,2305843009213693967:369;2305843009213693973:3,Symbolica_default,cached_powers_Q,130,63,1.319,BalancedZippelSeparated
fire7_nb0_rank0470,Automatic,1,ok,4755.857,247,2,1,0,0,2305843009213693967:244;2305843009213693973:3,Symbolica_default,cached_powers_Q,126,45,1.431,BalancedZippelSeparated
fire7_nb0_rank0471,Automatic,1,ok,5622.749,288,2,1,0,0,2305843009213693967:285;2305843009213693973:3,Symbolica_default,cached_powers_Q,144,32,1.126,BalancedZippelSeparated
fire7_nb0_rank0472,Automatic,1,ok,6075.251,377,2,1,0,0,2305843009213693967:374;2305843009213693973:3,Symbolica_default,cached_powers_Q,124,66,1.637,BalancedZippelSeparated
fire7_nb0_rank0473,Automatic,1,ok,5209.188,260,2,1,0,0,2305843009213693967:257;2305843009213693973:3,Symbolica_default,cached_powers_Q,119,56,1.371,BalancedZippelSeparated
fire7_nb0_rank0474,Automatic,1,ok,5432.118,259,2,1,0,0,2305843009213693967:256;2305843009213693973:3,Symbolica_default,cached_powers_Q,111,60,1.438,BalancedZippelSeparated
fire7_nb0_rank0475,Automatic,1,ok,5483.229,294,2,1,0,0,2305843009213693967:291;2305843009213693973:3,Symbolica_default,cached_powers_Q,126,45,1.340,BalancedZippelSeparated
fire7_nb0_rank0476,Automatic,1,ok,5148.847,271,2,1,0,0,2305843009213693967:268;2305843009213693973:3,Symbolica_default,cached_powers_Q,125,48,1.237,BalancedZippelSeparated
fire7_nb0_rank0477,Automatic,1,ok,5161.098,262,2,1,0,0,2305843009213693967:259;2305843009213693973:3,Symbolica_default,cached_powers_Q,91,90,1.501,BalancedZippelSeparated
fire7_nb0_rank0478,Automatic,1,ok,4955.587,238,2,1,0,0,2305843009213693967:235;2305843009213693973:3,Symbolica_default,cached_powers_Q,91,90,1.478,BalancedZippelSeparated
fire7_nb0_rank0479,Automatic,1,ok,5287.998,262,2,1,0,0,2305843009213693967:259;2305843009213693973:3,Symbolica_default,cached_powers_Q,91,90,1.302,BalancedZippelSeparated
fire7_nb0_rank0480,Automatic,1,ok,4776.836,237,2,1,0,0,2305843009213693967:234;2305843009213693973:3,Symbolica_default,cached_powers_Q,96,72,1.416,BalancedZippelSeparated
fire7_nb0_rank0481,Automatic,1,ok,4949.157,234,2,1,0,0,2305843009213693967:231;2305843009213693973:3,Symbolica_default,cached_powers_Q,104,65,1.238,BalancedZippelSeparated
fire7_nb0_rank0482,Automatic,1,ok,5165.748,263,2,1,0,0,2305843009213693967:260;2305843009213693973:3,Symbolica_default,cached_powers_Q,67,100,1.454,BalancedZippelSeparated
fire7_nb0_rank0483,Automatic,1,ok,5943.500,263,2,1,0,0,2305843009213693967:260;2305843009213693973:3,Symbolica_default,cached_powers_Q,67,100,1.286,BalancedZippelSeparated
fire7_nb0_rank0484,Automatic,1,ok,5443.319,306,2,1,0,0,2305843009213693967:303;2305843009213693973:3,Symbolica_default,cached_powers_Q,126,42,1.295,BalancedZippelSeparated
fire7_nb0_rank0485,Automatic,1,ok,4965.657,271,2,1,0,0,2305843009213693967:268;2305843009213693973:3,Symbolica_default,cached_powers_Q,114,60,1.501,BalancedZippelSeparated
fire7_nb0_rank0486,Automatic,1,ok,5399.748,286,2,1,0,0,2305843009213693967:283;2305843009213693973:3,Symbolica_default,cached_powers_Q,120,60,1.261,BalancedZippelSeparated
fire7_nb0_rank0487,Automatic,1,ok,4755.286,219,2,1,0,0,2305843009213693967:216;2305843009213693973:3,Symbolica_default,cached_powers_Q,96,66,1.193,BalancedZippelSeparated
fire7_nb0_rank0488,Automatic,1,ok,4559.606,219,2,1,0,0,2305843009213693967:216;2305843009213693973:3,Symbolica_default,cached_powers_Q,96,66,1.481,BalancedZippelSeparated
fire7_nb0_rank0489,Automatic,1,ok,4920.187,263,2,1,0,0,2305843009213693967:260;2305843009213693973:3,Symbolica_default,cached_powers_Q,84,90,1.526,BalancedZippelSeparated
fire7_nb0_rank0490,Automatic,1,ok,5115.057,315,2,1,0,0,2305843009213693967:312;2305843009213693973:3,Symbolica_default,cached_powers_Q,144,25,1.642,BalancedZippelSeparated
fire7_nb0_rank0491,Automatic,1,ok,5000.688,242,2,1,0,0,2305843009213693967:239;2305843009213693973:3,Symbolica_default,cached_powers_Q,126,45,1.270,BalancedZippelSeparated
fire7_nb0_rank0492,Automatic,1,ok,5068.168,263,2,1,0,0,2305843009213693967:260;2305843009213693973:3,Symbolica_default,cached_powers_Q,84,90,1.523,BalancedZippelSeparated
fire7_nb0_rank0493,Automatic,1,ok,4909.026,258,2,1,0,0,2305843009213693967:255;2305843009213693973:3,Symbolica_default,cached_powers_Q,134,25,1.641,BalancedZippelSeparated
fire7_nb0_rank0494,Automatic,1,ok,5274.828,270,2,1,0,0,2305843009213693967:267;2305843009213693973:3,Symbolica_default,cached_powers_Q,139,28,1.321,BalancedZippelSeparated
fire7_nb0_rank0495,Automatic,1,ok,4927.667,249,2,1,0,0,2305843009213693967:246;2305843009213693973:3,Symbolica_default,cached_powers_Q,115,45,1.212,BalancedZippelSeparated
fire7_nb0_rank0496,Automatic,1,ok,1725.126,215,2,1,0,0,2305843009213693967:212;2305843009213693973:3,Symbolica_default,cached_powers_Q,80,78,1.537,BalancedZippelSeparated
fire7_nb0_rank0497,Automatic,1,ok,5413.059,287,2,1,0,0,2305843009213693967:284;2305843009213693973:3,Symbolica_default,cached_powers_Q,70,110,1.330,BalancedZippelSeparated
fire7_nb0_rank0498,Automatic,1,ok,5277.568,309,2,1,0,0,2305843009213693967:306;2305843009213693973:3,Symbolica_default,cached_powers_Q,150,20,1.712,BalancedZippelSeparated
fire7_nb0_rank0499,Automatic,1,ok,4469.636,225,2,1,0,0,2305843009213693967:222;2305843009213693973:3,Symbolica_default,cached_powers_Q,118,40,1.434,BalancedZippelSeparated
fire7_nb0_rank0500,Automatic,1,ok,1864.517,218,2,1,0,0,2305843009213693967:215;2305843009213693973:3,Symbolica_default,cached_powers_Q,126,30,1.666,BalancedZippelSeparated
fire7_nb0_rank0501,Automatic,1,ok,5889.340,371,2,1,0,0,2305843009213693967:368;2305843009213693973:3,Symbolica_default,cached_powers_Q,128,63,1.358,BalancedZippelSeparated
fire7_nb0_rank0502,Automatic,1,ok,5338.678,304,2,1,0,0,2305843009213693967:301;2305843009213693973:3,Symbolica_default,cached_powers_Q,136,36,1.787,BalancedZippelSeparated
fire7_nb0_rank0503,Automatic,1,ok,5530.849,328,2,1,0,0,2305843009213693967:325;2305843009213693973:3,Symbolica_default,cached_powers_Q,120,56,1.299,BalancedZippelSeparated
fire7_nb0_rank0504,Automatic,1,ok,5605.220,298,2,1,0,0,2305843009213693967:295;2305843009213693973:3,Symbolica_default,cached_powers_Q,138,32,1.519,BalancedZippelSeparated
fire7_nb0_rank0505,Automatic,1,ok,4966.188,250,2,1,0,0,2305843009213693967:247;2305843009213693973:3,Symbolica_default,cached_powers_Q,125,35,1.694,BalancedZippelSeparated
fire7_nb0_rank0506,Automatic,1,ok,5088.217,275,2,1,0,0,2305843009213693967:272;2305843009213693973:3,Symbolica_default,cached_powers_Q,113,60,1.264,BalancedZippelSeparated
fire7_nb0_rank0507,Automatic,1,ok,1683.316,218,2,1,0,0,2305843009213693967:215;2305843009213693973:3,Symbolica_default,cached_powers_Q,81,84,1.390,BalancedZippelSeparated
fire7_nb0_rank0508,Automatic,1,ok,1965.327,224,2,1,0,0,2305843009213693967:221;2305843009213693973:3,Symbolica_default,cached_powers_Q,119,45,1.207,BalancedZippelSeparated
fire7_nb0_rank0509,Automatic,1,ok,4771.736,249,2,1,0,0,2305843009213693967:246;2305843009213693973:3,Symbolica_default,cached_powers_Q,120,40,1.483,BalancedZippelSeparated
fire7_nb0_rank0510,Automatic,1,ok,5168.378,231,2,1,0,0,2305843009213693967:228;2305843009213693973:3,Symbolica_default,cached_powers_Q,36,126,1.645,BalancedZippelSeparated
fire7_nb0_rank0511,Automatic,1,ok,5232.758,286,2,1,0,0,2305843009213693967:283;2305843009213693973:3,Symbolica_default,cached_powers_Q,117,60,1.506,BalancedZippelSeparated
fire7_nb0_rank0512,Automatic,1,ok,4845.856,265,2,1,0,0,2305843009213693967:262;2305843009213693973:3,Symbolica_default,cached_powers_Q,114,52,1.453,BalancedZippelSeparated
fire7_nb0_rank0513,Automatic,1,ok,5041.288,303,2,1,0,0,2305843009213693967:300;2305843009213693973:3,Symbolica_default,cached_powers_Q,104,68,1.467,BalancedZippelSeparated
fire7_nb0_rank0514,Automatic,1,ok,5187.468,274,2,1,0,0,2305843009213693967:271;2305843009213693973:3,Symbolica_default,cached_powers_Q,113,60,1.303,BalancedZippelSeparated
fire7_nb0_rank0515,Automatic,1,ok,4865.326,230,2,1,0,0,2305843009213693967:227;2305843009213693973:3,Symbolica_default,cached_powers_Q,119,40,1.313,BalancedZippelSeparated
fire7_nb0_rank0516,Automatic,1,ok,5756.270,371,2,1,0,0,2305843009213693967:368;2305843009213693973:3,Symbolica_default,cached_powers_Q,112,60,1.272,BalancedZippelSeparated
fire7_nb0_rank0517,Automatic,1,ok,4966.257,277,2,1,0,0,2305843009213693967:274;2305843009213693973:3,Symbolica_default,cached_powers_Q,115,55,1.499,BalancedZippelSeparated
fire7_nb0_rank0518,Automatic,1,ok,4917.257,300,2,1,0,0,2305843009213693967:297;2305843009213693973:3,Symbolica_default,cached_powers_Q,131,24,1.524,BalancedZippelSeparated
fire7_nb0_rank0519,Automatic,1,ok,5483.829,304,2,1,0,0,2305843009213693967:301;2305843009213693973:3,Symbolica_default,cached_powers_Q,101,68,1.074,BalancedZippelSeparated
fire7_nb0_rank0520,Automatic,1,ok,4749.937,232,2,1,0,0,2305843009213693967:229;2305843009213693973:3,Symbolica_default,cached_powers_Q,131,25,1.634,BalancedZippelSeparated
fire7_nb0_rank0521,Automatic,1,ok,5143.127,297,2,1,0,0,2305843009213693967:294;2305843009213693973:3,Symbolica_default,cached_powers_Q,90,72,1.515,BalancedZippelSeparated
fire7_nb0_rank0522,Automatic,1,ok,4561.586,212,2,1,0,0,2305843009213693967:209;2305843009213693973:3,Symbolica_default,cached_powers_Q,79,72,1.424,BalancedZippelSeparated
fire7_nb0_rank0523,Automatic,1,ok,1669.776,216,2,1,0,0,2305843009213693967:213;2305843009213693973:3,Symbolica_default,cached_powers_Q,112,40,1.374,BalancedZippelSeparated
fire7_nb0_rank0524,Automatic,1,ok,4864.686,241,2,1,0,0,2305843009213693967:238;2305843009213693973:3,Symbolica_default,cached_powers_Q,119,32,1.250,BalancedZippelSeparated
fire7_nb0_rank0525,Automatic,1,ok,1852.146,216,2,1,0,0,2305843009213693967:213;2305843009213693973:3,Symbolica_default,cached_powers_Q,112,45,1.266,BalancedZippelSeparated
fire7_nb0_rank0526,Automatic,1,ok,4799.386,263,2,1,0,0,2305843009213693967:260;2305843009213693973:3,Symbolica_default,cached_powers_Q,126,40,1.447,BalancedZippelSeparated
fire7_nb0_rank0527,Automatic,1,ok,2889.650,331,2,1,0,0,2305843009213693967:328;2305843009213693973:3,Symbolica_default,cached_powers_Q,125,40,1.206,BalancedZippelSeparated
fire7_nb0_rank0528,Automatic,1,ok,1562.085,210,2,1,0,0,2305843009213693967:207;2305843009213693973:3,Symbolica_default,cached_powers_Q,112,45,1.328,BalancedZippelSeparated
fire7_nb0_rank0529,Automatic,1,ok,5059.037,261,2,1,0,0,2305843009213693967:258;2305843009213693973:3,Symbolica_default,cached_powers_Q,26,150,1.566,BalancedZippelSeparated
fire7_nb0_rank0530,Automatic,1,ok,4986.467,247,2,1,0,0,2305843009213693967:244;2305843009213693973:3,Symbolica_default,cached_powers_Q,126,36,1.250,BalancedZippelSeparated
fire7_nb0_rank0531,Automatic,1,ok,5452.849,216,2,1,0,0,2305843009213693967:213;2305843009213693973:3,Symbolica_default,cached_powers_Q,103,45,1.396,BalancedZippelSeparated
fire7_nb0_rank0532,Automatic,1,ok,5094.127,258,2,1,0,0,2305843009213693967:255;2305843009213693973:3,Symbolica_default,cached_powers_Q,120,28,1.403,BalancedZippelSeparated
fire7_nb0_rank0533,Automatic,1,ok,4719.876,217,2,1,0,0,2305843009213693967:214;2305843009213693973:3,Symbolica_default,cached_powers_Q,90,65,1.241,BalancedZippelSeparated
fire7_nb0_rank0534,Automatic,1,ok,1603.276,204,2,1,0,0,2305843009213693967:201;2305843009213693973:3,Symbolica_default,cached_powers_Q,85,70,1.392,BalancedZippelSeparated
fire7_nb0_rank0535,Automatic,1,ok,4977.157,299,2,1,0,0,2305843009213693967:296;2305843009213693973:3,Symbolica_default,cached_powers_Q,114,44,1.470,BalancedZippelSeparated
fire7_nb0_rank0536,Automatic,1,ok,5251.538,299,2,1,0,0,2305843009213693967:296;2305843009213693973:3,Symbolica_default,cached_powers_Q,114,44,1.249,BalancedZippelSeparated
fire7_nb0_rank0537,Automatic,1,ok,2055.298,225,2,1,0,0,2305843009213693967:222;2305843009213693973:3,Symbolica_default,cached_powers_Q,111,35,1.414,BalancedZippelSeparated
fire7_nb0_rank0538,Automatic,1,ok,1742.106,214,2,1,0,0,2305843009213693967:211;2305843009213693973:3,Symbolica_default,cached_powers_Q,112,32,1.250,BalancedZippelSeparated
fire7_nb0_rank0539,Automatic,1,ok,1543.065,205,2,1,0,0,2305843009213693967:202;2305843009213693973:3,Symbolica_default,cached_powers_Q,105,40,1.334,BalancedZippelSeparated
fire7_nb0_rank0540,Automatic,1,ok,1599.515,204,2,1,0,0,2305843009213693967:201;2305843009213693973:3,Symbolica_default,cached_powers_Q,85,70,1.379,BalancedZippelSeparated
fire7_nb0_rank0541,Automatic,1,ok,1716.156,189,2,1,0,0,2305843009213693967:186;2305843009213693973:3,Symbolica_default,cached_powers_Q,85,70,1.224,BalancedZippelSeparated
fire7_nb0_rank0542,Automatic,1,ok,5012.288,279,2,1,0,0,2305843009213693967:276;2305843009213693973:3,Symbolica_default,cached_powers_Q,126,27,1.268,BalancedZippelSeparated
fire7_nb0_rank0543,Automatic,1,ok,6624.313,439,2,1,0,0,2305843009213693967:436;2305843009213693973:3,Symbolica_default,cached_powers_Q,136,42,1.580,BalancedZippelSeparated
fire7_nb0_rank0544,Automatic,1,ok,4819.276,237,2,1,0,0,2305843009213693967:234;2305843009213693973:3,Symbolica_default,cached_powers_Q,118,30,1.659,BalancedZippelSeparated
fire7_nb0_rank0545,Automatic,1,ok,4915.137,292,2,1,0,0,2305843009213693967:289;2305843009213693973:3,Symbolica_default,cached_powers_Q,102,56,1.413,BalancedZippelSeparated
fire7_nb0_rank0546,Automatic,1,ok,4955.297,279,2,1,0,0,2305843009213693967:276;2305843009213693973:3,Symbolica_default,cached_powers_Q,133,20,1.587,BalancedZippelSeparated
fire7_nb0_rank0547,Automatic,1,ok,5156.457,305,2,1,0,0,2305843009213693967:302;2305843009213693973:3,Symbolica_default,cached_powers_Q,113,48,1.241,BalancedZippelSeparated
fire7_nb0_rank0548,Automatic,1,ok,4467.365,214,2,1,0,0,2305843009213693967:211;2305843009213693973:3,Symbolica_default,cached_powers_Q,104,45,1.385,BalancedZippelSeparated
fire7_nb0_rank0549,Automatic,1,ok,5453.668,256,2,1,0,0,2305843009213693967:253;2305843009213693973:3,Symbolica_default,cached_powers_Q,126,25,1.259,BalancedZippelSeparated
fire7_nb0_rank0550,Automatic,1,ok,4548.986,217,2,1,0,0,2305843009213693967:214;2305843009213693973:3,Symbolica_default,cached_powers_Q,98,48,1.410,BalancedZippelSeparated
fire7_nb0_rank0551,Automatic,1,ok,5510.659,319,2,1,0,0,2305843009213693967:316;2305843009213693973:3,Symbolica_default,cached_powers_Q,124,51,1.271,BalancedZippelSeparated
fire7_nb0_rank0552,Automatic,1,ok,5490.729,318,2,1,0,0,2305843009213693967:315;2305843009213693973:3,Symbolica_default,cached_powers_Q,101,54,1.038,BalancedZippelSeparated
fire7_nb0_rank0553,Automatic,1,ok,5448.199,317,2,1,0,0,2305843009213693967:314;2305843009213693973:3,Symbolica_default,cached_powers_Q,125,40,1.066,BalancedZippelSeparated
fire7_nb0_rank0554,Automatic,1,ok,4983.378,231,2,1,0,0,2305843009213693967:228;2305843009213693973:3,Symbolica_default,cached_powers_Q,118,32,1.034,BalancedZippelSeparated
fire7_nb0_rank0555,Automatic,1,ok,4763.377,250,2,1,0,0,2305843009213693967:247;2305843009213693973:3,Symbolica_default,cached_powers_Q,42,110,1.349,BalancedZippelSeparated
fire7_nb0_rank0556,Automatic,1,ok,4428.705,189,2,1,0,0,2305843009213693967:186;2305843009213693973:3,Symbolica_default,cached_powers_Q,96,45,1.380,BalancedZippelSeparated
fire7_nb0_rank0557,Automatic,1,ok,5192.137,250,2,1,0,0,2305843009213693967:247;2305843009213693973:3,Symbolica_default,cached_powers_Q,42,110,0.977,BalancedZippelSeparated
fire7_nb0_rank0558,Automatic,1,ok,4798.677,200,2,1,0,0,2305843009213693967:197;2305843009213693973:3,Symbolica_default,cached_powers_Q,88,54,1.261,BalancedZippelSeparated
fire7_nb0_rank0559,Automatic,1,ok,4640.376,200,2,1,0,0,2305843009213693967:197;2305843009213693973:3,Symbolica_default,cached_powers_Q,88,54,1.632,BalancedZippelSeparated
fire7_nb0_rank0560,Automatic,1,ok,4545.116,180,2,1,0,0,2305843009213693967:177;2305843009213693973:3,Symbolica_default,cached_powers_Q,104,35,1.558,BalancedZippelSeparated
fire7_nb0_rank0561,Automatic,1,ok,4981.327,251,2,1,0,0,2305843009213693967:248;2305843009213693973:3,Symbolica_default,cached_powers_Q,108,48,1.159,BalancedZippelSeparated
fire7_nb0_rank0562,Automatic,1,ok,5093.937,265,2,1,0,0,2305843009213693967:262;2305843009213693973:3,Symbolica_default,cached_powers_Q,84,72,1.157,BalancedZippelSeparated
fire7_nb0_rank0563,Automatic,1,ok,5173.728,265,2,1,0,0,2305843009213693967:262;2305843009213693973:3,Symbolica_default,cached_powers_Q,84,72,1.210,BalancedZippelSeparated
fire7_nb0_rank0564,Automatic,1,ok,5292.648,334,2,1,0,0,2305843009213693967:331;2305843009213693973:3,Symbolica_default,cached_powers_Q,125,28,1.650,BalancedZippelSeparated
fire7_nb0_rank0565,Automatic,1,ok,6465.082,439,2,1,0,0,2305843009213693967:436;2305843009213693973:3,Symbolica_default,cached_powers_Q,135,42,1.533,BalancedZippelSeparated
fire7_nb0_rank0566,Automatic,1,ok,1781.776,206,2,1,0,0,2305843009213693967:203;2305843009213693973:3,Symbolica_default,cached_powers_Q,72,84,1.156,BalancedZippelSeparated
fire7_nb0_rank0567,Automatic,1,ok,4726.727,184,2,1,0,0,2305843009213693967:181;2305843009213693973:3,Symbolica_default,cached_powers_Q,96,42,1.127,BalancedZippelSeparated
fire7_nb0_rank0568,Automatic,1,ok,2409.628,225,2,1,0,0,2305843009213693967:222;2305843009213693973:3,Symbolica_default,cached_powers_Q,115,25,1.690,BalancedZippelSeparated
fire7_nb0_rank0569,Automatic,1,ok,2788.400,329,2,1,0,0,2305843009213693967:326;2305843009213693973:3,Symbolica_default,cached_powers_Q,124,35,1.620,BalancedZippelSeparated
fire7_nb0_rank0570,Automatic,1,ok,2249.547,249,2,1,0,0,2305843009213693967:246;2305843009213693973:3,Symbolica_default,cached_powers_Q,101,48,1.435,BalancedZippelSeparated
fire7_nb0_rank0571,Automatic,1,ok,2197.947,253,2,1,0,0,2305843009213693967:250;2305843009213693973:3,Symbolica_default,cached_powers_Q,118,20,1.533,BalancedZippelSeparated
fire7_nb0_rank0572,Automatic,1,ok,2070.557,184,2,1,0,0,2305843009213693967:181;2305843009213693973:3,Symbolica_default,cached_powers_Q,104,35,1.678,BalancedZippelSeparated
fire7_nb0_rank0573,Automatic,1,ok,2148.047,214,2,1,0,0,2305843009213693967:211;2305843009213693973:3,Symbolica_default,cached_powers_Q,119,25,1.666,BalancedZippelSeparated
fire7_nb0_rank0574,Automatic,1,ok,1821.876,210,2,1,0,0,2305843009213693967:207;2305843009213693973:3,Symbolica_default,cached_powers_Q,76,65,0.986,BalancedZippelSeparated
fire7_nb0_rank0575,Automatic,1,ok,4729.546,210,2,1,0,0,2305843009213693967:207;2305843009213693973:3,Symbolica_default,cached_powers_Q,76,65,0.918,BalancedZippelSeparated
fire7_nb0_rank0576,Automatic,1,ok,5045.178,303,2,1,0,0,2305843009213693967:300;2305843009213693973:3,Symbolica_default,cached_powers_Q,120,28,1.346,BalancedZippelSeparated
fire7_nb0_rank0577,Automatic,1,ok,4132.734,205,2,1,0,0,2305843009213693967:202;2305843009213693973:3,Symbolica_default,cached_powers_Q,95,45,1.306,BalancedZippelSeparated
fire7_nb0_rank0578,Automatic,1,ok,4357.585,196,2,1,0,0,2305843009213693967:193;2305843009213693973:3,Symbolica_default,cached_powers_Q,115,25,1.564,BalancedZippelSeparated
fire7_nb0_rank0579,Automatic,1,ok,4858.247,259,2,1,0,0,2305843009213693967:256;2305843009213693973:3,Symbolica_default,cached_powers_Q,95,52,1.255,BalancedZippelSeparated
fire7_nb0_rank0580,Automatic,1,ok,5213.978,378,2,1,0,0,2305843009213693967:375;2305843009213693973:3,Symbolica_default,cached_powers_Q,100,60,1.410,BalancedZippelSeparated
fire7_nb0_rank0581,Automatic,1,ok,1617.495,190,2,1,0,0,2305843009213693967:187;2305843009213693973:3,Symbolica_default,cached_powers_Q,85,60,1.147,BalancedZippelSeparated
fire7_nb0_rank0582,Automatic,1,ok,4439.326,211,2,1,0,0,2305843009213693967:208;2305843009213693973:3,Symbolica_default,cached_powers_Q,83,65,1.120,BalancedZippelSeparated
fire7_nb0_rank0583,Automatic,1,ok,4908.677,327,2,1,0,0,2305843009213693967:324;2305843009213693973:3,Symbolica_default,cached_powers_Q,120,28,1.514,BalancedZippelSeparated
fire7_nb0_rank0584,Automatic,1,ok,4461.405,251,2,1,0,0,2305843009213693967:248;2305843009213693973:3,Symbolica_default,cached_powers_Q,108,48,1.367,BalancedZippelSeparated
fire7_nb0_rank0585,Automatic,1,ok,5214.777,363,2,1,0,0,2305843009213693967:360;2305843009213693973:3,Symbolica_default,cached_powers_Q,95,60,1.127,BalancedZippelSeparated
fire7_nb0_rank0586,Automatic,1,ok,4652.376,254,2,1,0,0,2305843009213693967:251;2305843009213693973:3,Symbolica_default,cached_powers_Q,126,20,1.522,BalancedZippelSeparated
fire7_nb0_rank0587,Automatic,1,ok,5109.347,264,2,1,0,0,2305843009213693967:261;2305843009213693973:3,Symbolica_default,cached_powers_Q,89,68,1.030,BalancedZippelSeparated
fire7_nb0_rank0588,Automatic,1,ok,5186.248,316,2,1,0,0,2305843009213693967:313;2305843009213693973:3,Symbolica_default,cached_powers_Q,96,57,1.168,BalancedZippelSeparated
fire7_nb0_rank0589,Automatic,1,ok,4820.477,328,2,1,0,0,2305843009213693967:325;2305843009213693973:3,Symbolica_default,cached_powers_Q,119,28,1.493,BalancedZippelSeparated
fire7_nb0_rank0590,Automatic,1,ok,4854.166,300,2,1,0,0,2305843009213693967:297;2305843009213693973:3,Symbolica_default,cached_powers_Q,115,36,1.480,BalancedZippelSeparated
fire7_nb0_rank0591,Automatic,1,ok,4290.405,198,2,1,0,0,2305843009213693967:195;2305843009213693973:3,Symbolica_default,cached_powers_Q,92,45,1.107,BalancedZippelSeparated
fire7_nb0_rank0592,Automatic,1,ok,4544.405,222,2,1,0,0,2305843009213693967:219;2305843009213693973:3,Symbolica_default,cached_powers_Q,91,55,1.139,BalancedZippelSeparated
fire7_nb0_rank0593,Automatic,1,ok,4800.987,299,2,1,0,0,2305843009213693967:296;2305843009213693973:3,Symbolica_default,cached_powers_Q,107,45,1.438,BalancedZippelSeparated
fire7_nb0_rank0594,Automatic,1,ok,4345.594,188,2,1,0,0,2305843009213693967:185;2305843009213693973:3,Symbolica_default,cached_powers_Q,79,54,1.160,BalancedZippelSeparated
fire7_nb0_rank0595,Automatic,1,ok,4889.527,319,2,1,0,0,2305843009213693967:316;2305843009213693973:3,Symbolica_default,cached_powers_Q,116,28,1.516,BalancedZippelSeparated
fire7_nb0_rank0596,Automatic,1,ok,4332.675,214,2,1,0,0,2305843009213693967:211;2305843009213693973:3,Symbolica_default,cached_powers_Q,111,25,1.495,BalancedZippelSeparated
fire7_nb0_rank0597,Automatic,1,ok,4505.516,241,2,1,0,0,2305843009213693967:238;2305843009213693973:3,Symbolica_default,cached_powers_Q,124,20,1.575,BalancedZippelSeparated
fire7_nb0_rank0598,Automatic,1,ok,1702.216,213,2,1,0,0,2305843009213693967:210;2305843009213693973:3,Symbolica_default,cached_powers_Q,112,25,1.537,BalancedZippelSeparated
fire7_nb0_rank0599,Automatic,1,ok,4475.635,244,2,1,0,0,2305843009213693967:241;2305843009213693973:3,Symbolica_default,cached_powers_Q,97,48,1.389,BalancedZippelSeparated
fire7_nb0_rank0600,Automatic,1,ok,4247.734,173,2,1,0,0,2305843009213693967:170;2305843009213693973:3,Symbolica_default,cached_powers_Q,79,54,1.163,BalancedZippelSeparated
fire7_nb0_rank0601,Automatic,1,ok,4625.436,249,2,1,0,0,2305843009213693967:246;2305843009213693973:3,Symbolica_default,cached_powers_Q,72,76,1.383,BalancedZippelSeparated
fire7_nb0_rank0602,Automatic,1,ok,4724.826,243,2,1,0,0,2305843009213693967:240;2305843009213693973:3,Symbolica_default,cached_powers_Q,72,76,1.202,BalancedZippelSeparated
fire7_nb0_rank0603,Automatic,1,ok,4326.265,204,2,1,0,0,2305843009213693967:201;2305843009213693973:3,Symbolica_default,cached_powers_Q,76,60,1.105,BalancedZippelSeparated
fire7_nb0_rank0604,Automatic,1,ok,4821.226,304,2,1,0,0,2305843009213693967:301;2305843009213693973:3,Symbolica_default,cached_powers_Q,99,63,1.350,BalancedZippelSeparated
fire7_nb0_rank0605,Automatic,1,ok,4213.055,204,2,1,0,0,2305843009213693967:201;2305843009213693973:3,Symbolica_default,cached_powers_Q,76,60,1.335,BalancedZippelSeparated
fire7_nb0_rank0606,Automatic,1,ok,1738.776,188,2,1,0,0,2305843009213693967:185;2305843009213693973:3,Symbolica_default,cached_powers_Q,69,70,1.140,BalancedZippelSeparated
fire7_nb0_rank0607,Automatic,1,ok,4680.826,243,2,1,0,0,2305843009213693967:240;2305843009213693973:3,Symbolica_default,cached_powers_Q,101,45,1.196,BalancedZippelSeparated
fire7_nb0_rank0608,Automatic,1,ok,1650.536,226,2,1,0,0,2305843009213693967:223;2305843009213693973:3,Symbolica_default,cached_powers_Q,70,75,1.354,BalancedZippelSeparated
fire7_nb0_rank0609,Automatic,1,ok,5006.067,353,2,1,0,0,2305843009213693967:350;2305843009213693973:3,Symbolica_default,cached_powers_Q,90,60,1.408,BalancedZippelSeparated
fire7_nb0_rank0610,Automatic,1,ok,4907.426,318,2,1,0,0,2305843009213693967:315;2305843009213693973:3,Symbolica_default,cached_powers_Q,116,28,1.567,BalancedZippelSeparated
fire7_nb0_rank0611,Automatic,1,ok,4812.977,267,2,1,0,0,2305843009213693967:264;2305843009213693973:3,Symbolica_default,cached_powers_Q,102,36,1.176,BalancedZippelSeparated
fire7_nb0_rank0612,Automatic,1,ok,1767.806,208,2,1,0,0,2305843009213693967:205;2305843009213693973:3,Symbolica_default,cached_powers_Q,103,32,1.175,BalancedZippelSeparated
fire7_nb0_rank0613,Automatic,1,ok,4734.966,277,2,1,0,0,2305843009213693967:274;2305843009213693973:3,Symbolica_default,cached_powers_Q,114,27,1.172,BalancedZippelSeparated
fire7_nb0_rank0614,Automatic,1,ok,1517.225,185,2,1,0,0,2305843009213693967:182;2305843009213693973:3,Symbolica_default,cached_powers_Q,96,35,1.529,BalancedZippelSeparated
fire7_nb0_rank0615,Automatic,1,ok,4900.837,314,2,1,0,0,2305843009213693967:311;2305843009213693973:3,Symbolica_default,cached_powers_Q,114,36,1.550,BalancedZippelSeparated
fire7_nb0_rank0616,Automatic,1,ok,1619.956,199,2,1,0,0,2305843009213693967:196;2305843009213693973:3,Symbolica_default,cached_powers_Q,107,25,1.583,BalancedZippelSeparated
fire7_nb0_rank0617,Automatic,1,ok,1824.977,219,2,1,0,0,2305843009213693967:216;2305843009213693973:3,Symbolica_default,cached_powers_Q,70,75,1.267,BalancedZippelSeparated
fire7_nb0_rank0618,Automatic,1,ok,2829.890,251,2,1,0,0,2305843009213693967:248;2305843009213693973:3,Symbolica_default,cached_powers_Q,113,32,1.165,BalancedZippelSeparated
fire7_nb0_rank0619,Automatic,1,ok,1494.915,202,2,1,0,0,2305843009213693967:199;2305843009213693973:3,Symbolica_default,cached_powers_Q,90,48,1.389,BalancedZippelSeparated
fire7_nb0_rank0620,Automatic,1,ok,4598.956,231,2,1,0,0,2305843009213693967:228;2305843009213693973:3,Symbolica_default,cached_powers_Q,104,28,1.591,BalancedZippelSeparated
fire7_nb0_rank0621,Automatic,1,ok,5030.237,300,2,1,0,0,2305843009213693967:297;2305843009213693973:3,Symbolica_default,cached_powers_Q,110,33,0.958,BalancedZippelSeparated
fire7_nb0_rank0622,Automatic,1,ok,4492.905,264,2,1,0,0,2305843009213693967:261;2305843009213693973:3,Symbolica_default,cached_powers_Q,110,28,1.434,BalancedZippelSeparated
fire7_nb0_rank0623,Automatic,1,ok,1830.206,219,2,1,0,0,2305843009213693967:216;2305843009213693973:3,Symbolica_default,cached_powers_Q,70,75,1.177,BalancedZippelSeparated
fire7_nb0_rank0624,Automatic,1,ok,1727.236,206,2,1,0,0,2305843009213693967:203;2305843009213693973:3,Symbolica_default,cached_powers_Q,98,35,1.541,BalancedZippelSeparated
fire7_nb0_rank0625,Automatic,1,ok,1887.757,211,2,1,0,0,2305843009213693967:208;2305843009213693973:3,Symbolica_default,cached_powers_Q,109,20,1.243,BalancedZippelSeparated
fire7_nb0_rank0626,Automatic,1,ok,5381.289,367,2,1,0,0,2305843009213693967:364;2305843009213693973:3,Symbolica_default,cached_powers_Q,105,36,1.342,BalancedZippelSeparated
fire7_nb0_rank0627,Automatic,1,ok,4617.826,258,2,1,0,0,2305843009213693967:255;2305843009213693973:3,Symbolica_default,cached_powers_Q,102,27,1.103,BalancedZippelSeparated
fire7_nb0_rank0628,Automatic,1,ok,4510.646,224,2,1,0,0,2305843009213693967:221;2305843009213693973:3,Symbolica_default,cached_powers_Q,99,28,1.525,BalancedZippelSeparated
fire7_nb0_rank0629,Automatic,1,ok,4462.895,241,2,1,0,0,2305843009213693967:238;2305843009213693973:3,Symbolica_default,cached_powers_Q,84,56,1.203,BalancedZippelSeparated
fire7_nb0_rank0630,Automatic,1,ok,4439.865,232,2,1,0,0,2305843009213693967:229;2305843009213693973:3,Symbolica_default,cached_powers_Q,84,56,1.176,BalancedZippelSeparated
fire7_nb0_rank0631,Automatic,1,ok,4790.786,282,2,1,0,0,2305843009213693967:279;2305843009213693973:3,Symbolica_default,cached_powers_Q,90,45,1.076,BalancedZippelSeparated
fire7_nb0_rank0632,Automatic,1,ok,3790.283,266,2,1,0,0,2305843009213693967:263;2305843009213693973:3,Symbolica_default,cached_powers_Q,110,28,1.241,BalancedZippelSeparated
fire7_nb0_rank0633,Automatic,1,ok,4609.526,255,2,1,0,0,2305843009213693967:252;2305843009213693973:3,Symbolica_default,cached_powers_Q,115,20,1.434,BalancedZippelSeparated
fire7_nb0_rank0634,Automatic,1,ok,4646.396,219,2,1,0,0,2305843009213693967:216;2305843009213693973:3,Symbolica_default,cached_powers_Q,108,25,1.229,BalancedZippelSeparated
fire7_nb0_rank0635,Automatic,1,ok,5121.828,336,2,1,0,0,2305843009213693967:333;2305843009213693973:3,Symbolica_default,cached_powers_Q,90,54,1.184,BalancedZippelSeparated
fire7_nb0_rank0636,Automatic,1,ok,5065.147,319,2,1,0,0,2305843009213693967:316;2305843009213693973:3,Symbolica_default,cached_powers_Q,90,54,1.166,BalancedZippelSeparated
fire7_nb0_rank0637,Automatic,1,ok,4401.235,261,2,1,0,0,2305843009213693967:258;2305843009213693973:3,Symbolica_default,cached_powers_Q,84,56,1.351,BalancedZippelSeparated
fire7_nb0_rank0638,Automatic,1,ok,1511.135,192,2,1,0,0,2305843009213693967:189;2305843009213693973:3,Symbolica_default,cached_powers_Q,49,90,0.885,BalancedZippelSeparated
fire7_nb0_rank0639,Automatic,1,ok,4567.735,221,2,1,0,0,2305843009213693967:218;2305843009213693973:3,Symbolica_default,cached_powers_Q,108,27,1.135,BalancedZippelSeparated
fire7_nb0_rank0640,Automatic,1,ok,4421.865,180,2,1,0,0,2305843009213693967:177;2305843009213693973:3,Symbolica_default,cached_powers_Q,96,25,1.271,BalancedZippelSeparated
fire7_nb0_rank0641,Automatic,1,ok,2201.307,212,2,1,0,0,2305843009213693967:209;2305843009213693973:3,Symbolica_default,cached_powers_Q,102,28,1.118,BalancedZippelSeparated
fire7_nb0_rank0642,Automatic,1,ok,1590.576,219,2,1,0,0,2305843009213693967:216;2305843009213693973:3,Symbolica_default,cached_powers_Q,102,36,1.336,BalancedZippelSeparated
fire7_nb0_rank0643,Automatic,1,ok,4923.527,336,2,1,0,0,2305843009213693967:333;2305843009213693973:3,Symbolica_default,cached_powers_Q,90,54,1.325,BalancedZippelSeparated
fire7_nb0_rank0644,Automatic,1,ok,4462.106,199,2,1,0,0,2305843009213693967:196;2305843009213693973:3,Symbolica_default,cached_powers_Q,84,52,1.173,BalancedZippelSeparated
fire7_nb0_rank0645,Automatic,1,ok,1790.657,187,2,1,0,0,2305843009213693967:184;2305843009213693973:3,Symbolica_default,cached_powers_Q,102,20,1.311,BalancedZippelSeparated
fire7_nb0_rank0646,Automatic,1,ok,4517.505,232,2,1,0,0,2305843009213693967:229;2305843009213693973:3,Symbolica_default,cached_powers_Q,84,56,1.119,BalancedZippelSeparated
fire7_nb0_rank0647,Automatic,1,ok,1934.637,195,2,1,0,0,2305843009213693967:192;2305843009213693973:3,Symbolica_default,cached_powers_Q,98,35,1.112,BalancedZippelSeparated
fire7_nb0_rank0648,Automatic,1,ok,5231.908,355,2,1,0,0,2305843009213693967:352;2305843009213693973:3,Symbolica_default,cached_powers_Q,108,42,1.423,BalancedZippelSeparated
fire7_nb0_rank0649,Automatic,1,ok,1834.306,210,2,1,0,0,2305843009213693967:207;2305843009213693973:3,Symbolica_default,cached_powers_Q,98,28,1.328,BalancedZippelSeparated
fire7_nb0_rank0650,Automatic,1,ok,4388.965,185,2,1,0,0,2305843009213693967:182;2305843009213693973:3,Symbolica_default,cached_powers_Q,91,36,1.060,BalancedZippelSeparated
fire7_nb0_rank0651,Automatic,1,ok,4665.846,202,2,1,0,0,2305843009213693967:199;2305843009213693973:3,Symbolica_default,cached_powers_Q,83,45,1.252,BalancedZippelSeparated
fire7_nb0_rank0652,Automatic,1,ok,4392.895,240,2,1,0,0,2305843009213693967:237;2305843009213693973:3,Symbolica_default,cached_powers_Q,93,39,1.358,BalancedZippelSeparated
fire7_nb0_rank0653,Automatic,1,ok,4122.524,156,2,1,0,0,2305843009213693967:153;2305843009213693973:3,Symbolica_default,cached_powers_Q,89,30,1.486,BalancedZippelSeparated
fire7_nb0_rank0654,Automatic,1,ok,4435.175,168,2,1,0,0,2305843009213693967:165;2305843009213693973:3,Symbolica_default,cached_powers_Q,89,30,1.220,BalancedZippelSeparated
fire7_nb0_rank0655,Automatic,1,ok,5359.398,249,2,1,0,0,2305843009213693967:246;2305843009213693973:3,Symbolica_default,cached_powers_Q,95,35,1.226,BalancedZippelSeparated
fire7_nb0_rank0656,Automatic,1,ok,4525.936,172,2,1,0,0,2305843009213693967:169;2305843009213693973:3,Symbolica_default,cached_powers_Q,91,35,1.244,BalancedZippelSeparated
fire7_nb0_rank0657,Automatic,1,ok,5331.279,261,2,1,0,0,2305843009213693967:258;2305843009213693973:3,Symbolica_default,cached_powers_Q,83,56,1.165,BalancedZippelSeparated
fire7_nb0_rank0658,Automatic,1,ok,1575.846,176,2,1,0,0,2305843009213693967:173;2305843009213693973:3,Symbolica_default,cached_powers_Q,84,40,1.168,BalancedZippelSeparated
fire7_nb0_rank0659,Automatic,1,ok,1227.744,158,2,1,0,0,2305843009213693967:155;2305843009213693973:3,Symbolica_default,cached_powers_Q,72,50,1.337,BalancedZippelSeparated
fire7_nb0_rank0660,Automatic,1,ok,4719.426,211,2,1,0,0,2305843009213693967:208;2305843009213693973:3,Symbolica_default,cached_powers_Q,107,28,1.361,BalancedZippelSeparated
fire7_nb0_rank0661,Automatic,1,ok,4475.575,195,2,1,0,0,2305843009213693967:192;2305843009213693973:3,Symbolica_default,cached_powers_Q,88,35,1.227,BalancedZippelSeparated
fire7_nb0_rank0662,Automatic,1,ok,1457.825,199,2,1,0,0,2305843009213693967:196;2305843009213693973:3,Symbolica_default,cached_powers_Q,90,36,1.031,BalancedZippelSeparated
fire7_nb0_rank0663,Automatic,1,ok,1944.887,225,2,1,0,0,2305843009213693967:222;2305843009213693973:3,Symbolica_default,cached_powers_Q,90,45,0.889,BalancedZippelSeparated
fire7_nb0_rank0664,Automatic,1,ok,4854.197,273,2,1,0,0,2305843009213693967:270;2305843009213693973:3,Symbolica_default,cached_powers_Q,90,51,1.159,BalancedZippelSeparated
fire7_nb0_rank0665,Automatic,1,ok,4372.546,230,2,1,0,0,2305843009213693967:227;2305843009213693973:3,Symbolica_default,cached_powers_Q,100,36,1.318,BalancedZippelSeparated
fire7_nb0_rank0666,Automatic,1,ok,4573.576,187,2,1,0,0,2305843009213693967:184;2305843009213693973:3,Symbolica_default,cached_powers_Q,91,35,1.315,BalancedZippelSeparated
fire7_nb0_rank0667,Automatic,1,ok,4668.646,258,2,1,0,0,2305843009213693967:255;2305843009213693973:3,Symbolica_default,cached_powers_Q,90,44,1.113,BalancedZippelSeparated
fire7_nb0_rank0668,Automatic,1,ok,4614.716,235,2,1,0,0,2305843009213693967:232;2305843009213693973:3,Symbolica_default,cached_powers_Q,102,27,1.074,BalancedZippelSeparated
fire7_nb0_rank0669,Automatic,1,ok,1485.934,172,2,1,0,0,2305843009213693967:169;2305843009213693973:3,Symbolica_default,cached_powers_Q,36,90,1.498,BalancedZippelSeparated
fire7_nb0_rank0670,Automatic,1,ok,1744.646,212,2,1,0,0,2305843009213693967:209;2305843009213693973:3,Symbolica_default,cached_powers_Q,77,48,1.103,BalancedZippelSeparated
fire7_nb0_rank0671,Automatic,1,ok,4810.797,222,2,1,0,0,2305843009213693967:219;2305843009213693973:3,Symbolica_default,cached_powers_Q,109,20,1.257,BalancedZippelSeparated
fire7_nb0_rank0672,Automatic,1,ok,1770.376,192,2,1,0,0,2305843009213693967:189;2305843009213693973:3,Symbolica_default,cached_powers_Q,98,25,1.257,BalancedZippelSeparated
fire7_nb0_rank0673,Automatic,1,ok,1592.196,191,2,1,0,0,2305843009213693967:188;2305843009213693973:3,Symbolica_default,cached_powers_Q,84,36,1.079,BalancedZippelSeparated
fire7_nb0_rank0674,Automatic,1,ok,5011.747,307,2,1,0,0,2305843009213693967:304;2305843009213693973:3,Symbolica_default,cached_powers_Q,91,51,1.136,BalancedZippelSeparated
fire7_nb0_rank0675,Automatic,1,ok,4583.595,236,2,1,0,0,2305843009213693967:233;2305843009213693973:3,Symbolica_default,cached_powers_Q,110,20,1.446,BalancedZippelSeparated
fire7_nb0_rank0676,Automatic,1,ok,4309.264,200,2,1,0,0,2305843009213693967:197;2305843009213693973:3,Symbolica_default,cached_powers_Q,96,27,1.521,BalancedZippelSeparated
fire7_nb0_rank0677,Automatic,1,ok,1337.915,186,2,1,0,0,2305843009213693967:183;2305843009213693973:3,Symbolica_default,cached_powers_Q,98,30,1.279,BalancedZippelSeparated
fire7_nb0_rank0678,Automatic,1,ok,4524.445,228,2,1,0,0,2305843009213693967:225;2305843009213693973:3,Symbolica_default,cached_powers_Q,95,32,1.096,BalancedZippelSeparated
fire7_nb0_rank0679,Automatic,1,ok,3928.344,197,2,1,0,0,2305843009213693967:194;2305843009213693973:3,Symbolica_default,cached_powers_Q,84,45,1.275,BalancedZippelSeparated
fire7_nb0_rank0680,Automatic,1,ok,4397.645,252,2,1,0,0,2305843009213693967:249;2305843009213693973:3,Symbolica_default,cached_powers_Q,86,44,1.307,BalancedZippelSeparated
fire7_nb0_rank0681,Automatic,1,ok,6620.853,202,2,1,0,0,2305843009213693967:199;2305843009213693973:3,Symbolica_default,cached_powers_Q,84,45,1.028,BalancedZippelSeparated
fire7_nb0_rank0682,Automatic,1,ok,4714.516,198,2,1,0,0,2305843009213693967:195;2305843009213693973:3,Symbolica_default,cached_powers_Q,92,25,1.176,BalancedZippelSeparated
fire7_nb0_rank0683,Automatic,1,ok,4088.664,178,2,1,0,0,2305843009213693967:175;2305843009213693973:3,Symbolica_default,cached_powers_Q,92,25,1.429,BalancedZippelSeparated
fire7_nb0_rank0684,Automatic,1,ok,1287.745,164,2,1,0,0,2305843009213693967:161;2305843009213693973:3,Symbolica_default,cached_powers_Q,77,40,0.988,BalancedZippelSeparated
fire7_nb0_rank0685,Automatic,1,ok,4762.097,255,2,1,0,0,2305843009213693967:252;2305843009213693973:3,Symbolica_default,cached_powers_Q,88,52,1.148,BalancedZippelSeparated
fire7_nb0_rank0686,Automatic,1,ok,4644.346,248,2,1,0,0,2305843009213693967:245;2305843009213693973:3,Symbolica_default,cached_powers_Q,90,51,1.355,BalancedZippelSeparated
fire7_nb0_rank0687,Automatic,1,ok,4785.507,230,2,1,0,0,2305843009213693967:227;2305843009213693973:3,Symbolica_default,cached_powers_Q,84,42,0.847,BalancedZippelSeparated
fire7_nb0_rank0688,Automatic,1,ok,4661.266,230,2,1,0,0,2305843009213693967:227;2305843009213693973:3,Symbolica_default,cached_powers_Q,84,42,1.085,BalancedZippelSeparated
fire7_nb0_rank0689,Automatic,1,ok,4344.365,196,2,1,0,0,2305843009213693967:193;2305843009213693973:3,Symbolica_default,cached_powers_Q,106,20,1.465,BalancedZippelSeparated
fire7_nb0_rank0690,Automatic,1,ok,1741.736,218,2,1,0,0,2305843009213693967:215;2305843009213693973:3,Symbolica_default,cached_powers_Q,75,52,1.145,BalancedZippelSeparated
fire7_nb0_rank0691,Automatic,1,ok,4465.676,209,2,1,0,0,2305843009213693967:206;2305843009213693973:3,Symbolica_default,cached_powers_Q,81,60,1.134,BalancedZippelSeparated
fire7_nb0_rank0692,Automatic,1,ok,4547.636,188,2,1,0,0,2305843009213693967:185;2305843009213693973:3,Symbolica_default,cached_powers_Q,88,35,1.176,BalancedZippelSeparated
fire7_nb0_rank0693,Automatic,1,ok,4806.627,306,2,1,0,0,2305843009213693967:303;2305843009213693973:3,Symbolica_default,cached_powers_Q,85,54,1.360,BalancedZippelSeparated
fire7_nb0_rank0694,Automatic,1,ok,4295.155,177,2,1,0,0,2305843009213693967:174;2305843009213693973:3,Symbolica_default,cached_powers_Q,84,36,1.081,BalancedZippelSeparated
fire7_nb0_rank0695,Automatic,1,ok,1693.376,168,2,1,0,0,2305843009213693967:165;2305843009213693973:3,Symbolica_default,cached_powers_Q,32,90,1.237,BalancedZippelSeparated
fire7_nb0_rank0696,Automatic,1,ok,4322.574,235,2,1,0,0,2305843009213693967:232;2305843009213693973:3,Symbolica_default,cached_powers_Q,95,32,1.291,BalancedZippelSeparated
fire7_nb0_rank0697,Automatic,1,ok,7090.975,197,2,1,0,0,2305843009213693967:194;2305843009213693973:3,Symbolica_default,cached_powers_Q,84,45,0.880,BalancedZippelSeparated
fire7_nb0_rank0698,Automatic,1,ok,4358.905,188,2,1,0,0,2305843009213693967:185;2305843009213693973:3,Symbolica_default,cached_powers_Q,84,35,1.242,BalancedZippelSeparated
fire7_nb0_rank0699,Automatic,1,ok,4660.646,235,2,1,0,0,2305843009213693967:232;2305843009213693973:3,Symbolica_default,cached_powers_Q,102,15,1.142,BalancedZippelSeparated
fire7_nb0_rank0700,Automatic,1,ok,1724.055,204,2,1,0,0,2305843009213693967:201;2305843009213693973:3,Symbolica_default,cached_powers_Q,101,27,1.139,BalancedZippelSeparated
fire7_nb0_rank0701,Automatic,1,ok,4309.444,187,2,1,0,0,2305843009213693967:184;2305843009213693973:3,Symbolica_default,cached_powers_Q,90,32,1.110,BalancedZippelSeparated
fire7_nb0_rank0702,Automatic,1,ok,4913.997,267,2,1,0,0,2305843009213693967:264;2305843009213693973:3,Symbolica_default,cached_powers_Q,85,51,1.168,BalancedZippelSeparated
fire7_nb0_rank0703,Automatic,1,ok,1365.365,154,2,1,0,0,2305843009213693967:151;2305843009213693973:3,Symbolica_default,cached_powers_Q,72,45,1.115,BalancedZippelSeparated
fire7_nb0_rank0704,Automatic,1,ok,1446.655,199,2,1,0,0,2305843009213693967:196;2305843009213693973:3,Symbolica_default,cached_powers_Q,102,15,1.395,BalancedZippelSeparated
fire7_nb0_rank0705,Automatic,1,ok,4545.935,234,2,1,0,0,2305843009213693967:231;2305843009213693973:3,Symbolica_default,cached_powers_Q,95,32,1.098,BalancedZippelSeparated
fire7_nb0_rank0706,Automatic,1,ok,4592.636,204,2,1,0,0,2305843009213693967:201;2305843009213693973:3,Symbolica_default,cached_powers_Q,84,40,0.865,BalancedZippelSeparated
fire7_nb0_rank0707,Automatic,1,ok,1531.525,217,2,1,0,0,2305843009213693967:214;2305843009213693973:3,Symbolica_default,cached_powers_Q,72,52,1.302,BalancedZippelSeparated
fire7_nb0_rank0708,Automatic,1,ok,1632.275,186,2,1,0,0,2305843009213693967:183;2305843009213693973:3,Symbolica_default,cached_powers_Q,63,60,0.951,BalancedZippelSeparated
fire7_nb0_rank0709,Automatic,1,ok,4808.007,232,2,1,0,0,2305843009213693967:229;2305843009213693973:3,Symbolica_default,cached_powers_Q,78,45,0.837,BalancedZippelSeparated
fire7_nb0_rank0710,Automatic,1,ok,1459.075,162,2,1,0,0,2305843009213693967:159;2305843009213693973:3,Symbolica_default,cached_powers_Q,36,84,1.435,BalancedZippelSeparated
fire7_nb0_rank0711,Automatic,1,ok,4605.656,226,2,1,0,0,2305843009213693967:223;2305843009213693973:3,Symbolica_default,cached_powers_Q,83,48,1.030,BalancedZippelSeparated
fire7_nb0_rank0712,Automatic,1,ok,4112.535,169,2,1,0,0,2305843009213693967:166;2305843009213693973:3,Symbolica_default,cached_powers_Q,88,21,1.049,BalancedZippelSeparated
fire7_nb0_rank0713,Automatic,1,ok,4621.006,244,2,1,0,0,2305843009213693967:241;2305843009213693973:3,Symbolica_default,cached_powers_Q,90,48,1.093,BalancedZippelSeparated
fire7_nb0_rank0714,Automatic,1,ok,1591.345,181,2,1,0,0,2305843009213693967:178;2305843009213693973:3,Symbolica_default,cached_powers_Q,42,90,1.090,BalancedZippelSeparated
fire7_nb0_rank0715,Automatic,1,ok,4371.506,215,2,1,0,0,2305843009213693967:212;2305843009213693973:3,Symbolica_default,cached_powers_Q,112,12,1.330,BalancedZippelSeparated
fire7_nb0_rank0716,Automatic,1,ok,4128.134,167,2,1,0,0,2305843009213693967:164;2305843009213693973:3,Symbolica_default,cached_powers_Q,96,24,1.464,BalancedZippelSeparated
fire7_nb0_rank0717,Automatic,1,ok,1575.346,149,2,1,0,0,2305843009213693967:146;2305843009213693973:3,Symbolica_default,cached_powers_Q,72,45,0.819,BalancedZippelSeparated
fire7_nb0_rank0718,Automatic,1,ok,4779.707,277,2,1,0,0,2305843009213693967:274;2305843009213693973:3,Symbolica_default,cached_powers_Q,94,36,1.088,BalancedZippelSeparated
fire7_nb0_rank0719,Automatic,1,ok,4033.594,179,2,1,0,0,2305843009213693967:176;2305843009213693973:3,Symbolica_default,cached_powers_Q,84,44,1.297,BalancedZippelSeparated
fire7_nb0_rank0720,Automatic,1,ok,4249.125,195,2,1,0,0,2305843009213693967:192;2305843009213693973:3,Symbolica_default,cached_powers_Q,95,27,1.049,BalancedZippelSeparated
fire7_nb0_rank0721,Automatic,1,ok,4223.595,152,2,1,0,0,2305843009213693967:149;2305843009213693973:3,Symbolica_default,cached_powers_Q,79,30,0.959,BalancedZippelSeparated
fire7_nb0_rank0722,Automatic,1,ok,1135.144,149,2,1,0,0,2305843009213693967:146;2305843009213693973:3,Symbolica_default,cached_powers_Q,69,45,1.225,BalancedZippelSeparated
fire7_nb0_rank0723,Automatic,1,ok,4322.805,181,2,1,0,0,2305843009213693967:178;2305843009213693973:3,Symbolica_default,cached_powers_Q,91,25,1.194,BalancedZippelSeparated
fire7_nb0_rank0724,Automatic,1,ok,4605.705,236,2,1,0,0,2305843009213693967:233;2305843009213693973:3,Symbolica_default,cached_powers_Q,95,25,1.169,BalancedZippelSeparated
fire7_nb0_rank0725,Automatic,1,ok,1371.095,152,2,1,0,0,2305843009213693967:149;2305843009213693973:3,Symbolica_default,cached_powers_Q,64,48,0.929,BalancedZippelSeparated
fire7_nb0_rank0726,Automatic,1,ok,1171.214,149,2,1,0,0,2305843009213693967:146;2305843009213693973:3,Symbolica_default,cached_powers_Q,69,45,0.957,BalancedZippelSeparated
fire7_nb0_rank0727,Automatic,1,ok,1565.446,188,2,1,0,0,2305843009213693967:185;2305843009213693973:3,Symbolica_default,cached_powers_Q,65,52,1.031,BalancedZippelSeparated
fire7_nb0_rank0728,Automatic,1,ok,4266.865,155,2,1,0,0,2305843009213693967:152;2305843009213693973:3,Symbolica_default,cached_powers_Q,79,30,1.165,BalancedZippelSeparated
fire7_nb0_rank0729,Automatic,1,ok,1627.676,169,2,1,0,0,2305843009213693967:166;2305843009213693973:3,Symbolica_default,cached_powers_Q,84,25,1.224,BalancedZippelSeparated
fire7_nb0_rank0730,Automatic,1,ok,1488.785,186,2,1,0,0,2305843009213693967:183;2305843009213693973:3,Symbolica_default,cached_powers_Q,98,24,1.112,BalancedZippelSeparated
fire7_nb0_rank0731,Automatic,1,ok,1329.085,144,2,1,0,0,2305843009213693967:141;2305843009213693973:3,Symbolica_default,cached_powers_Q,69,45,1.039,BalancedZippelSeparated
fire7_nb0_rank0732,Automatic,1,ok,1791.526,188,2,1,0,0,2305843009213693967:185;2305843009213693973:3,Symbolica_default,cached_powers_Q,48,75,0.789,BalancedZippelSeparated
fire7_nb0_rank0733,Automatic,1,ok,1684.816,158,2,1,0,0,2305843009213693967:155;2305843009213693973:3,Symbolica_default,cached_powers_Q,32,84,1.152,BalancedZippelSeparated
fire7_nb0_rank0734,Automatic,1,ok,4423.945,183,2,1,0,0,2305843009213693967:180;2305843009213693973:3,Symbolica_default,cached_powers_Q,96,21,1.383,BalancedZippelSeparated
fire7_nb0_rank0735,Automatic,1,ok,1690.926,225,2,1,0,0,2305843009213693967:222;2305843009213693973:3,Symbolica_default,cached_powers_Q,90,36,1.076,BalancedZippelSeparated
fire7_nb0_rank0736,Automatic,1,ok,1826.737,205,2,1,0,0,2305843009213693967:202;2305843009213693973:3,Symbolica_default,cached_powers_Q,70,48,0.819,BalancedZippelSeparated
fire7_nb0_rank0737,Automatic,1,ok,4699.557,251,2,1,0,0,2305843009213693967:248;2305843009213693973:3,Symbolica_default,cached_powers_Q,100,20,1.174,BalancedZippelSeparated
fire7_nb0_rank0738,Automatic,1,ok,1102.854,152,2,1,0,0,2305843009213693967:149;2305843009213693973:3,Symbolica_default,cached_powers_Q,63,48,0.780,BalancedZippelSeparated
fire7_nb0_rank0739,Automatic,1,ok,1400.335,185,2,1,0,0,2305843009213693967:182;2305843009213693973:3,Symbolica_default,cached_powers_Q,97,20,1.310,BalancedZippelSeparated
fire7_nb0_rank0740,Automatic,1,ok,1314.564,166,2,1,0,0,2305843009213693967:163;2305843009213693973:3,Symbolica_default,cached_powers_Q,62,60,0.947,BalancedZippelSeparated
fire7_nb0_rank0741,Automatic,1,ok,1224.145,169,2,1,0,0,2305843009213693967:166;2305843009213693973:3,Symbolica_default,cached_powers_Q,72,45,1.193,BalancedZippelSeparated
fire7_nb0_rank0742,Automatic,1,ok,1728.586,180,2,1,0,0,2305843009213693967:177;2305843009213693973:3,Symbolica_default,cached_powers_Q,62,60,0.773,BalancedZippelSeparated
fire7_nb0_rank0743,Automatic,1,ok,5274.679,321,2,1,0,0,2305843009213693967:318;2305843009213693973:3,Symbolica_default,cached_powers_Q,100,34,1.202,BalancedZippelSeparated
fire7_nb0_rank0744,Automatic,1,ok,4903.807,294,2,1,0,0,2305843009213693967:291;2305843009213693973:3,Symbolica_default,cached_powers_Q,95,28,1.135,BalancedZippelSeparated
fire7_nb0_rank0745,Automatic,1,ok,5096.998,301,2,1,0,0,2305843009213693967:298;2305843009213693973:3,Symbolica_default,cached_powers_Q,69,60,0.828,BalancedZippelSeparated
fire7_nb0_rank0746,Automatic,1,ok,1830.126,205,2,1,0,0,2305843009213693967:202;2305843009213693973:3,Symbolica_default,cached_powers_Q,72,48,0.792,BalancedZippelSeparated
fire7_nb0_rank0747,Automatic,1,ok,1471.265,203,2,1,0,0,2305843009213693967:200;2305843009213693973:3,Symbolica_default,cached_powers_Q,66,52,1.212,BalancedZippelSeparated
fire7_nb0_rank0748,Automatic,1,ok,1803.126,205,2,1,0,0,2305843009213693967:202;2305843009213693973:3,Symbolica_default,cached_powers_Q,72,48,0.779,BalancedZippelSeparated
fire7_nb0_rank0749,Automatic,1,ok,1820.667,205,2,1,0,0,2305843009213693967:202;2305843009213693973:3,Symbolica_default,cached_powers_Q,72,48,0.815,BalancedZippelSeparated
fire7_nb0_rank0750,Automatic,1,ok,4777.936,250,2,1,0,0,2305843009213693967:247;2305843009213693973:3,Symbolica_default,cached_powers_Q,100,20,0.861,BalancedZippelSeparated
fire7_nb0_rank0751,Automatic,1,ok,1898.587,244,2,1,0,0,2305843009213693967:241;2305843009213693973:3,Symbolica_default,cached_powers_Q,70,56,1.049,BalancedZippelSeparated
fire7_nb0_rank0752,Automatic,1,ok,1810.346,201,2,1,0,0,2305843009213693967:198;2305843009213693973:3,Symbolica_default,cached_powers_Q,66,52,0.827,BalancedZippelSeparated
fire7_nb0_rank0753,Automatic,1,ok,1756.576,213,2,1,0,0,2305843009213693967:210;2305843009213693973:3,Symbolica_default,cached_powers_Q,89,28,1.128,BalancedZippelSeparated
fire7_nb0_rank0754,Automatic,1,ok,1557.726,178,2,1,0,0,2305843009213693967:175;2305843009213693973:3,Symbolica_default,cached_powers_Q,63,60,1.041,BalancedZippelSeparated
fire7_nb0_rank0755,Automatic,1,ok,1411.005,148,2,1,0,0,2305843009213693967:145;2305843009213693973:3,Symbolica_default,cached_powers_Q,64,42,1.130,BalancedZippelSeparated
fire7_nb0_rank0756,Automatic,1,ok,1600.446,202,2,1,0,0,2305843009213693967:199;2305843009213693973:3,Symbolica_default,cached_powers_Q,78,39,1.005,BalancedZippelSeparated
fire7_nb0_rank0757,Automatic,1,ok,1372.615,180,2,1,0,0,2305843009213693967:177;2305843009213693973:3,Symbolica_default,cached_powers_Q,63,48,0.767,BalancedZippelSeparated
fire7_nb0_rank0758,Automatic,1,ok,1423.815,170,2,1,0,0,2305843009213693967:167;2305843009213693973:3,Symbolica_default,cached_powers_Q,77,30,0.923,BalancedZippelSeparated
fire7_nb0_rank0759,Automatic,1,ok,4282.295,165,2,1,0,0,2305843009213693967:162;2305843009213693973:3,Symbolica_default,cached_powers_Q,81,28,1.090,BalancedZippelSeparated
fire7_nb0_rank0760,Automatic,1,ok,1506.505,180,2,1,0,0,2305843009213693967:177;2305843009213693973:3,Symbolica_default,cached_powers_Q,63,48,0.993,BalancedZippelSeparated
fire7_nb0_rank0761,Automatic,1,ok,1400.295,204,2,1,0,0,2305843009213693967:201;2305843009213693973:3,Symbolica_default,cached_powers_Q,78,39,1.228,BalancedZippelSeparated
fire7_nb0_rank0762,Automatic,1,ok,1524.295,188,2,1,0,0,2305843009213693967:185;2305843009213693973:3,Symbolica_default,cached_powers_Q,66,48,1.048,BalancedZippelSeparated
fire7_nb0_rank0763,Automatic,1,ok,1540.885,158,2,1,0,0,2305843009213693967:155;2305843009213693973:3,Symbolica_default,cached_powers_Q,63,54,1.200,BalancedZippelSeparated
fire7_nb0_rank0764,Automatic,1,ok,1435.625,202,2,1,0,0,2305843009213693967:199;2305843009213693973:3,Symbolica_default,cached_powers_Q,102,12,1.318,BalancedZippelSeparated
fire7_nb0_rank0765,Automatic,1,ok,1322.645,187,2,1,0,0,2305843009213693967:184;2305843009213693973:3,Symbolica_default,cached_powers_Q,48,75,1.262,BalancedZippelSeparated
fire7_nb0_rank0766,Automatic,1,ok,1571.135,196,2,1,0,0,2305843009213693967:193;2305843009213693973:3,Symbolica_default,cached_powers_Q,66,48,0.998,BalancedZippelSeparated
fire7_nb0_rank0767,Automatic,1,ok,1646.116,203,2,1,0,0,2305843009213693967:200;2305843009213693973:3,Symbolica_default,cached_powers_Q,66,52,1.000,BalancedZippelSeparated
fire7_nb0_rank0768,Automatic,1,ok,1559.715,185,2,1,0,0,2305843009213693967:182;2305843009213693973:3,Symbolica_default,cached_powers_Q,100,12,1.105,BalancedZippelSeparated
fire7_nb0_rank0769,Automatic,1,ok,4651.505,170,2,1,0,0,2305843009213693967:167;2305843009213693973:3,Symbolica_default,cached_powers_Q,84,28,1.023,BalancedZippelSeparated
fire7_nb0_rank0770,Automatic,1,ok,4505.446,233,2,1,0,0,2305843009213693967:230;2305843009213693973:3,Symbolica_default,cached_powers_Q,65,56,1.063,BalancedZippelSeparated
fire7_nb0_rank0771,Automatic,1,ok,4188.934,202,2,1,0,0,2305843009213693967:199;2305843009213693973:3,Symbolica_default,cached_powers_Q,84,36,1.270,BalancedZippelSeparated
fire7_nb0_rank0772,Automatic,1,ok,1162.244,138,2,1,0,0,2305843009213693967:135;2305843009213693973:3,Symbolica_default,cached_powers_Q,70,35,1.372,BalancedZippelSeparated
fire7_nb0_rank0773,Automatic,1,ok,1237.014,183,2,1,0,0,2305843009213693967:180;2305843009213693973:3,Symbolica_default,cached_powers_Q,78,32,1.228,BalancedZippelSeparated
fire7_nb0_rank0774,Automatic,1,ok,1329.925,197,2,1,0,0,2305843009213693967:194;2305843009213693973:3,Symbolica_default,cached_powers_Q,80,32,1.245,BalancedZippelSeparated
fire7_nb0_rank0775,Automatic,1,ok,1355.985,155,2,1,0,0,2305843009213693967:152;2305843009213693973:3,Symbolica_default,cached_powers_Q,54,60,0.995,BalancedZippelSeparated
fire7_nb0_rank0776,Automatic,1,ok,5069.988,338,2,1,0,0,2305843009213693967:335;2305843009213693973:3,Symbolica_default,cached_powers_Q,95,34,1.467,BalancedZippelSeparated
fire7_nb0_rank0777,Automatic,1,ok,1496.905,213,2,1,0,0,2305843009213693967:210;2305843009213693973:3,Symbolica_default,cached_powers_Q,60,60,1.229,BalancedZippelSeparated
fire7_nb0_rank0778,Automatic,1,ok,1829.146,227,2,1,0,0,2305843009213693967:224;2305843009213693973:3,Symbolica_default,cached_powers_Q,84,36,0.933,BalancedZippelSeparated
fire7_nb0_rank0779,Automatic,1,ok,4209.344,167,2,1,0,0,2305843009213693967:164;2305843009213693973:3,Symbolica_default,cached_powers_Q,84,20,1.065,BalancedZippelSeparated
fire7_nb0_rank0780,Automatic,1,ok,1975.007,216,2,1,0,0,2305843009213693967:213;2305843009213693973:3,Symbolica_default,cached_powers_Q,95,20,0.897,BalancedZippelSeparated
fire7_nb0_rank0781,Automatic,1,ok,4239.484,164,2,1,0,0,2305843009213693967:161;2305843009213693973:3,Symbolica_default,cached_powers_Q,69,35,1.095,BalancedZippelSeparated
fire7_nb0_rank0782,Automatic,1,ok,4282.154,164,2,1,0,0,2305843009213693967:161;2305843009213693973:3,Symbolica_default,cached_powers_Q,69,35,1.123,BalancedZippelSeparated
fire7_nb0_rank0783,Automatic,1,ok,4442.196,232,2,1,0,0,2305843009213693967:229;2305843009213693973:3,Symbolica_default,cached_powers_Q,72,44,1.039,BalancedZippelSeparated
fire7_nb0_rank0784,Automatic,1,ok,1724.605,221,2,1,0,0,2305843009213693967:218;2305843009213693973:3,Symbolica_default,cached_powers_Q,85,32,1.136,BalancedZippelSeparated
fire7_nb0_rank0785,Automatic,1,ok,1055.933,162,2,1,0,0,2305843009213693967:159;2305843009213693973:3,Symbolica_default,cached_powers_Q,63,45,1.198,BalancedZippelSeparated
fire7_nb0_rank0786,Automatic,1,ok,4452.775,232,2,1,0,0,2305843009213693967:229;2305843009213693973:3,Symbolica_default,cached_powers_Q,72,44,1.015,BalancedZippelSeparated
fire7_nb0_rank0787,Automatic,1,ok,4183.634,162,2,1,0,0,2305843009213693967:159;2305843009213693973:3,Symbolica_default,cached_powers_Q,69,36,0.976,BalancedZippelSeparated
fire7_nb0_rank0788,Automatic,1,ok,1552.395,159,2,1,0,0,2305843009213693967:156;2305843009213693973:3,Symbolica_default,cached_powers_Q,62,40,0.779,BalancedZippelSeparated
fire7_nb0_rank0789,Automatic,1,ok,1522.035,159,2,1,0,0,2305843009213693967:156;2305843009213693973:3,Symbolica_default,cached_powers_Q,62,40,0.751,BalancedZippelSeparated
fire7_nb0_rank0790,Automatic,1,ok,1601.326,195,2,1,0,0,2305843009213693967:192;2305843009213693973:3,Symbolica_default,cached_powers_Q,97,12,1.098,BalancedZippelSeparated
fire7_nb0_rank0791,Automatic,1,ok,6571.053,153,2,1,0,0,2305843009213693967:150;2305843009213693973:3,Symbolica_default,cached_powers_Q,78,25,0.910,BalancedZippelSeparated
fire7_nb0_rank0792,Automatic,1,ok,1356.075,151,2,1,0,0,2305843009213693967:148;2305843009213693973:3,Symbolica_default,cached_powers_Q,70,40,0.999,BalancedZippelSeparated
fire7_nb0_rank0793,Automatic,1,ok,1599.846,179,2,1,0,0,2305843009213693967:176;2305843009213693973:3,Symbolica_default,cached_powers_Q,88,24,0.885,BalancedZippelSeparated
fire7_nb0_rank0794,Automatic,1,ok,1262.285,141,2,1,0,0,2305843009213693967:138;2305843009213693973:3,Symbolica_default,cached_powers_Q,56,48,0.974,BalancedZippelSeparated
fire7_nb0_rank0795,Automatic,1,ok,1429.175,199,2,1,0,0,2305843009213693967:196;2305843009213693973:3,Symbolica_default,cached_powers_Q,90,20,1.286,BalancedZippelSeparated
fire7_nb0_rank0796,Automatic,1,ok,1266.655,150,2,1,0,0,2305843009213693967:147;2305843009213693973:3,Symbolica_default,cached_powers_Q,78,25,1.401,BalancedZippelSeparated
fire7_nb0_rank0797,Automatic,1,ok,1542.456,207,2,1,0,0,2305843009213693967:204;2305843009213693973:3,Symbolica_default,cached_powers_Q,72,36,0.987,BalancedZippelSeparated
fire7_nb0_rank0798,Automatic,1,ok,4475.525,190,2,1,0,0,2305843009213693967:187;2305843009213693973:3,Symbolica_default,cached_powers_Q,85,27,1.180,BalancedZippelSeparated
fire7_nb0_rank0799,Automatic,1,ok,4152.074,180,2,1,0,0,2305843009213693967:177;2305843009213693973:3,Symbolica_default,cached_powers_Q,83,28,1.269,BalancedZippelSeparated
fire7_nb0_rank0800,Automatic,1,ok,4602.686,258,2,1,0,0,2305843009213693967:255;2305843009213693973:3,Symbolica_default,cached_powers_Q,85,28,1.173,BalancedZippelSeparated
fire7_nb0_rank0801,Automatic,1,ok,992.144,129,2,1,0,0,2305843009213693967:126;2305843009213693973:3,Symbolica_default,cached_powers_Q,52,54,1.137,BalancedZippelSeparated
fire7_nb0_rank0802,Automatic,1,ok,4003.353,153,2,1,0,0,2305843009213693967:150;2305843009213693973:3,Symbolica_default,cached_powers_Q,89,15,0.988,BalancedZippelSeparated
fire7_nb0_rank0803,Automatic,1,ok,3998.263,155,2,1,0,0,2305843009213693967:152;2305843009213693973:3,Symbolica_default,cached_powers_Q,79,25,1.243,BalancedZippelSeparated
fire7_nb0_rank0804,Automatic,1,ok,1017.583,134,2,1,0,0,2305843009213693967:131;2305843009213693973:3,Symbolica_default,cached_powers_Q,52,54,1.157,BalancedZippelSeparated
fire7_nb0_rank0805,Automatic,1,ok,1518.566,177,2,1,0,0,2305843009213693967:174;2305843009213693973:3,Symbolica_default,cached_powers_Q,84,20,1.038,BalancedZippelSeparated
fire7_nb0_rank0806,Automatic,1,ok,1619.056,185,2,1,0,0,2305843009213693967:182;2305843009213693973:3,Symbolica_default,cached_powers_Q,78,27,0.764,BalancedZippelSeparated
fire7_nb0_rank0807,Automatic,1,ok,1476.925,152,2,1,0,0,2305843009213693967:149;2305843009213693973:3,Symbolica_default,cached_powers_Q,48,60,0.711,BalancedZippelSeparated
fire7_nb0_rank0808,Automatic,1,ok,4265.544,197,2,1,0,0,2305843009213693967:194;2305843009213693973:3,Symbolica_default,cached_powers_Q,84,18,1.055,BalancedZippelSeparated
fire7_nb0_rank0809,Automatic,1,ok,1663.256,198,2,1,0,0,2305843009213693967:195;2305843009213693973:3,Symbolica_default,cached_powers_Q,90,20,1.109,BalancedZippelSeparated
fire7_nb0_rank0810,Automatic,1,ok,1275.414,189,2,1,0,0,2305843009213693967:186;2305843009213693973:3,Symbolica_default,cached_powers_Q,72,40,1.212,BalancedZippelSeparated
fire7_nb0_rank0811,Automatic,1,ok,1464.436,188,2,1,0,0,2305843009213693967:185;2305843009213693973:3,Symbolica_default,cached_powers_Q,65,44,0.996,BalancedZippelSeparated
fire7_nb0_rank0812,Automatic,1,ok,1390.815,161,2,1,0,0,2305843009213693967:158;2305843009213693973:3,Symbolica_default,cached_powers_Q,60,48,0.998,BalancedZippelSeparated
fire7_nb0_rank0813,Automatic,1,ok,4539.145,208,2,1,0,0,2305843009213693967:205;2305843009213693973:3,Symbolica_default,cached_powers_Q,85,24,0.872,BalancedZippelSeparated
fire7_nb0_rank0814,Automatic,1,ok,1573.135,222,2,1,0,0,2305843009213693967:219;2305843009213693973:3,Symbolica_default,cached_powers_Q,86,20,1.024,BalancedZippelSeparated
fire7_nb0_rank0815,Automatic,1,ok,4439.885,251,2,1,0,0,2305843009213693967:248;2305843009213693973:3,Symbolica_default,cached_powers_Q,20,100,1.168,BalancedZippelSeparated
fire7_nb0_rank0816,Automatic,1,ok,1276.524,137,2,1,0,0,2305843009213693967:134;2305843009213693973:3,Symbolica_default,cached_powers_Q,56,42,1.037,BalancedZippelSeparated
fire7_nb0_rank0817,Automatic,1,ok,4343.795,233,2,1,0,0,2305843009213693967:230;2305843009213693973:3,Symbolica_default,cached_powers_Q,97,15,1.226,BalancedZippelSeparated
fire7_nb0_rank0818,Automatic,1,ok,4441.535,183,2,1,0,0,2305843009213693967:180;2305843009213693973:3,Symbolica_default,cached_powers_Q,91,12,1.013,BalancedZippelSeparated
fire7_nb0_rank0819,Automatic,1,ok,1594.645,207,2,1,0,0,2305843009213693967:204;2305843009213693973:3,Symbolica_default,cached_powers_Q,85,20,1.082,BalancedZippelSeparated
fire7_nb0_rank0820,Automatic,1,ok,1153.975,166,2,1,0,0,2305843009213693967:163;2305843009213693973:3,Symbolica_default,cached_powers_Q,66,36,1.128,BalancedZippelSeparated
fire7_nb0_rank0821,Automatic,1,ok,1613.016,222,2,1,0,0,2305843009213693967:219;2305843009213693973:3,Symbolica_default,cached_powers_Q,86,20,1.031,BalancedZippelSeparated
fire7_nb0_rank0822,Automatic,1,ok,1239.785,184,2,1,0,0,2305843009213693967:181;2305843009213693973:3,Symbolica_default,cached_powers_Q,72,30,1.115,BalancedZippelSeparated
fire7_nb0_rank0823,Automatic,1,ok,1424.025,203,2,1,0,0,2305843009213693967:200;2305843009213693973:3,Symbolica_default,cached_powers_Q,82,27,0.903,BalancedZippelSeparated
fire7_nb0_rank0824,Automatic,1,ok,1639.455,171,2,1,0,0,2305843009213693967:168;2305843009213693973:3,Symbolica_default,cached_powers_Q,54,56,0.750,BalancedZippelSeparated
fire7_nb0_rank0825,Automatic,1,ok,1137.564,129,2,1,0,0,2305843009213693967:126;2305843009213693973:3,Symbolica_default,cached_powers_Q,56,45,0.951,BalancedZippelSeparated
fire7_nb0_rank0826,Automatic,1,ok,1480.695,149,2,1,0,0,2305843009213693967:146;2305843009213693973:3,Symbolica_default,cached_powers_Q,68,30,0.686,BalancedZippelSeparated
fire7_nb0_rank0827,Automatic,1,ok,1217.675,142,2,1,0,0,2305843009213693967:139;2305843009213693973:3,Symbolica_default,cached_powers_Q,63,40,0.926,BalancedZippelSeparated
fire7_nb0_rank0828,Automatic,1,ok,1348.995,204,2,1,0,0,2305843009213693967:201;2305843009213693973:3,Symbolica_default,cached_powers_Q,70,39,1.107,BalancedZippelSeparated
fire7_nb0_rank0829,Automatic,1,ok,1134.854,161,2,1,0,0,2305843009213693967:158;2305843009213693973:3,Symbolica_default,cached_powers_Q,65,36,1.122,BalancedZippelSeparated
fire7_nb0_rank0830,Automatic,1,ok,4235.285,192,2,1,0,0,2305843009213693967:189;2305843009213693973:3,Symbolica_default,cached_powers_Q,82,27,0.940,BalancedZippelSeparated
fire7_nb0_rank0831,Automatic,1,ok,1820.537,213,2,1,0,0,2305843009213693967:210;2305843009213693973:3,Symbolica_default,cached_powers_Q,70,39,0.750,BalancedZippelSeparated
fire7_nb0_rank0832,Automatic,1,ok,1593.246,200,2,1,0,0,2305843009213693967:197;2305843009213693973:3,Symbolica_default,cached_powers_Q,90,15,1.016,BalancedZippelSeparated
fire7_nb0_rank0833,Automatic,1,ok,1574.295,207,2,1,0,0,2305843009213693967:204;2305843009213693973:3,Symbolica_default,cached_powers_Q,85,20,1.062,BalancedZippelSeparated
fire7_nb0_rank0834,Automatic,1,ok,1497.015,161,2,1,0,0,2305843009213693967:158;2305843009213693973:3,Symbolica_default,cached_powers_Q,72,28,1.107,BalancedZippelSeparated
fire7_nb0_rank0835,Automatic,1,ok,4119.994,184,2,1,0,0,2305843009213693967:181;2305843009213693973:3,Symbolica_default,cached_powers_Q,78,27,1.289,BalancedZippelSeparated
fire7_nb0_rank0836,Automatic,1,ok,1166.915,169,2,1,0,0,2305843009213693967:166;2305843009213693973:3,Symbolica_default,cached_powers_Q,72,32,1.149,BalancedZippelSeparated
fire7_nb0_rank0837,Automatic,1,ok,1295.835,158,2,1,0,0,2305843009213693967:155;2305843009213693973:3,Symbolica_default,cached_powers_Q,32,70,1.317,BalancedZippelSeparated
fire7_nb0_rank0838,Automatic,1,ok,1337.854,178,2,1,0,0,2305843009213693967:175;2305843009213693973:3,Symbolica_default,cached_powers_Q,66,36,1.026,BalancedZippelSeparated
fire7_nb0_rank0839,Automatic,1,ok,1649.106,218,2,1,0,0,2305843009213693967:215;2305843009213693973:3,Symbolica_default,cached_powers_Q,54,54,0.979,BalancedZippelSeparated
fire7_nb0_rank0840,Automatic,1,ok,1193.774,152,2,1,0,0,2305843009213693967:149;2305843009213693973:3,Symbolica_default,cached_powers_Q,48,56,0.921,BalancedZippelSeparated
fire7_nb0_rank0841,Automatic,1,ok,1507.805,151,2,1,0,0,2305843009213693967:148;2305843009213693973:3,Symbolica_default,cached_powers_Q,72,28,1.147,BalancedZippelSeparated
fire7_nb0_rank0842,Automatic,1,ok,1504.396,198,2,1,0,0,2305843009213693967:195;2305843009213693973:3,Symbolica_default,cached_powers_Q,66,36,0.945,BalancedZippelSeparated
fire7_nb0_rank0843,Automatic,1,ok,1242.354,179,2,1,0,0,2305843009213693967:176;2305843009213693973:3,Symbolica_default,cached_powers_Q,59,52,1.150,BalancedZippelSeparated
fire7_nb0_rank0844,Automatic,1,ok,4485.515,167,2,1,0,0,2305843009213693967:164;2305843009213693973:3,Symbolica_default,cached_powers_Q,83,15,0.841,BalancedZippelSeparated
fire7_nb0_rank0845,Automatic,1,ok,1461.905,227,2,1,0,0,2305843009213693967:224;2305843009213693973:3,Symbolica_default,cached_powers_Q,76,28,1.258,BalancedZippelSeparated
fire7_nb0_rank0846,Automatic,1,ok,1189.454,177,2,1,0,0,2305843009213693967:174;2305843009213693973:3,Symbolica_default,cached_powers_Q,77,27,1.193,BalancedZippelSeparated
fire7_nb0_rank0847,Automatic,1,ok,1246.794,158,2,1,0,0,2305843009213693967:155;2305843009213693973:3,Symbolica_default,cached_powers_Q,72,28,1.209,BalancedZippelSeparated
fire7_nb0_rank0848,Automatic,1,ok,1487.205,160,2,1,0,0,2305843009213693967:157;2305843009213693973:3,Symbolica_default,cached_powers_Q,60,36,0.686,BalancedZippelSeparated
fire7_nb0_rank0849,Automatic,1,ok,4444.845,228,2,1,0,0,2305843009213693967:225;2305843009213693973:3,Symbolica_default,cached_powers_Q,60,51,0.952,BalancedZippelSeparated
fire7_nb0_rank0850,Automatic,1,ok,1367.425,203,2,1,0,0,2305843009213693967:200;2305843009213693973:3,Symbolica_default,cached_powers_Q,69,45,1.151,BalancedZippelSeparated
fire7_nb0_rank0851,Automatic,1,ok,1640.146,199,2,1,0,0,2305843009213693967:196;2305843009213693973:3,Symbolica_default,cached_powers_Q,77,24,0.724,BalancedZippelSeparated
fire7_nb0_rank0852,Automatic,1,ok,4635.455,315,2,1,0,0,2305843009213693967:312;2305843009213693973:3,Symbolica_default,cached_powers_Q,72,36,1.288,BalancedZippelSeparated
fire7_nb0_rank0853,Automatic,1,ok,1160.764,166,2,1,0,0,2305843009213693967:163;2305843009213693973:3,Symbolica_default,cached_powers_Q,54,48,1.124,BalancedZippelSeparated
fire7_nb0_rank0854,Automatic,1,ok,1177.894,139,2,1,0,0,2305843009213693967:136;2305843009213693973:3,Symbolica_default,cached_powers_Q,68,25,1.069,BalancedZippelSeparated
fire7_nb0_rank0855,Automatic,1,ok,3993.434,186,2,1,0,0,2305843009213693967:183;2305843009213693973:3,Symbolica_default,cached_powers_Q,85,18,1.261,BalancedZippelSeparated
fire7_nb0_rank0856,Automatic,1,ok,1559.876,156,2,1,0,0,2305843009213693967:153;2305843009213693973:3,Symbolica_default,cached_powers_Q,77,15,0.773,BalancedZippelSeparated
fire7_nb0_rank0857,Automatic,1,ok,4038.574,170,2,1,0,0,2305843009213693967:167;2305843009213693973:3,Symbolica_default,cached_powers_Q,72,28,1.351,BalancedZippelSeparated
fire7_nb0_rank0858,Automatic,1,ok,1587.246,132,2,1,0,0,2305843009213693967:129;2305843009213693973:3,Symbolica_default,cached_powers_Q,63,35,0.872,BalancedZippelSeparated
fire7_nb0_rank0859,Automatic,1,ok,1035.164,120,2,1,0,0,2305843009213693967:117;2305843009213693973:3,Symbolica_default,cached_powers_Q,32,60,0.851,BalancedZippelSeparated
fire7_nb0_rank0860,Automatic,1,ok,4259.095,152,2,1,0,0,2305843009213693967:149;2305843009213693973:3,Symbolica_default,cached_powers_Q,72,20,0.987,BalancedZippelSeparated
fire7_nb0_rank0861,Automatic,1,ok,1308.575,162,2,1,0,0,2305843009213693967:159;2305843009213693973:3,Symbolica_default,cached_powers_Q,72,24,0.903,BalancedZippelSeparated
fire7_nb0_rank0862,Automatic,1,ok,4360.554,227,2,1,0,0,2305843009213693967:224;2305843009213693973:3,Symbolica_default,cached_powers_Q,80,18,1.070,BalancedZippelSeparated
fire7_nb0_rank0863,Automatic,1,ok,1159.414,138,2,1,0,0,2305843009213693967:135;2305843009213693973:3,Symbolica_default,cached_powers_Q,72,24,1.315,BalancedZippelSeparated
fire7_nb0_rank0864,Automatic,1,ok,4375.085,229,2,1,0,0,2305843009213693967:226;2305843009213693973:3,Symbolica_default,cached_powers_Q,72,39,0.949,BalancedZippelSeparated
fire7_nb0_rank0865,Automatic,1,ok,1281.945,193,2,1,0,0,2305843009213693967:190;2305843009213693973:3,Symbolica_default,cached_powers_Q,64,39,0.923,BalancedZippelSeparated
fire7_nb0_rank0866,Automatic,1,ok,1477.805,173,2,1,0,0,2305843009213693967:170;2305843009213693973:3,Symbolica_default,cached_powers_Q,72,21,1.098,BalancedZippelSeparated
fire7_nb0_rank0867,Automatic,1,ok,1353.324,203,2,1,0,0,2305843009213693967:200;2305843009213693973:3,Symbolica_default,cached_powers_Q,68,45,1.169,BalancedZippelSeparated
fire7_nb0_rank0868,Automatic,1,ok,1231.524,167,2,1,0,0,2305843009213693967:164;2305843009213693973:3,Symbolica_default,cached_powers_Q,42,56,0.867,BalancedZippelSeparated
fire7_nb0_rank0869,Automatic,1,ok,4555.395,194,2,1,0,0,2305843009213693967:191;2305843009213693973:3,Symbolica_default,cached_powers_Q,74,28,0.845,BalancedZippelSeparated
fire7_nb0_rank0870,Automatic,1,ok,3984.914,144,2,1,0,0,2305843009213693967:141;2305843009213693973:3,Symbolica_default,cached_powers_Q,67,24,0.983,BalancedZippelSeparated
fire7_nb0_rank0871,Automatic,1,ok,1287.875,194,2,1,0,0,2305843009213693967:191;2305843009213693973:3,Symbolica_default,cached_powers_Q,70,36,1.153,BalancedZippelSeparated
fire7_nb0_rank0872,Automatic,1,ok,4176.774,169,2,1,0,0,2305843009213693967:166;2305843009213693973:3,Symbolica_default,cached_powers_Q,84,15,1.030,BalancedZippelSeparated
fire7_nb0_rank0873,Automatic,1,ok,1270.134,137,2,1,0,0,2305843009213693967:134;2305843009213693973:3,Symbolica_default,cached_powers_Q,56,35,1.010,BalancedZippelSeparated
fire7_nb0_rank0874,Automatic,1,ok,1636.496,183,2,1,0,0,2305843009213693967:180;2305843009213693973:3,Symbolica_default,cached_powers_Q,69,36,0.746,BalancedZippelSeparated
fire7_nb0_rank0875,Automatic,1,ok,1331.925,173,2,1,0,0,2305843009213693967:170;2305843009213693973:3,Symbolica_default,cached_powers_Q,72,27,0.958,BalancedZippelSeparated
fire7_nb0_rank0876,Automatic,1,ok,1258.094,183,2,1,0,0,2305843009213693967:180;2305843009213693973:3,Symbolica_default,cached_powers_Q,69,36,1.132,BalancedZippelSeparated
fire7_nb0_rank0877,Automatic,1,ok,1155.813,173,2,1,0,0,2305843009213693967:170;2305843009213693973:3,Symbolica_default,cached_powers_Q,37,60,1.114,BalancedZippelSeparated
fire7_nb0_rank0878,Automatic,1,ok,1419.125,149,2,1,0,0,2305843009213693967:146;2305843009213693973:3,Symbolica_default,cached_powers_Q,28,70,1.088,BalancedZippelSeparated
fire7_nb0_rank0879,Automatic,1,ok,1183.274,149,2,1,0,0,2305843009213693967:146;2305843009213693973:3,Symbolica_default,cached_powers_Q,28,70,1.250,BalancedZippelSeparated
fire7_nb0_rank0880,Automatic,1,ok,1389.435,153,2,1,0,0,2305843009213693967:150;2305843009213693973:3,Symbolica_default,cached_powers_Q,65,28,1.092,BalancedZippelSeparated
fire7_nb0_rank0881,Automatic,1,ok,3876.553,156,2,1,0,0,2305843009213693967:153;2305843009213693973:3,Symbolica_default,cached_powers_Q,69,20,1.212,BalancedZippelSeparated
fire7_nb0_rank0882,Automatic,1,ok,4391.215,231,2,1,0,0,2305843009213693967:228;2305843009213693973:3,Symbolica_default,cached_powers_Q,68,33,0.761,BalancedZippelSeparated
fire7_nb0_rank0883,Automatic,1,ok,1262.985,155,2,1,0,0,2305843009213693967:152;2305843009213693973:3,Symbolica_default,cached_powers_Q,20,90,1.214,BalancedZippelSeparated
fire7_nb0_rank0884,Automatic,1,ok,1814.347,206,2,1,0,0,2305843009213693967:203;2305843009213693973:3,Symbolica_default,cached_powers_Q,68,36,0.750,BalancedZippelSeparated
fire7_nb0_rank0885,Automatic,1,ok,1291.855,145,2,1,0,0,2305843009213693967:142;2305843009213693973:3,Symbolica_default,cached_powers_Q,63,28,1.426,BalancedZippelSeparated
fire7_nb0_rank0886,Automatic,1,ok,1724.266,188,2,1,0,0,2305843009213693967:185;2305843009213693973:3,Symbolica_default,cached_powers_Q,65,36,0.727,BalancedZippelSeparated
fire7_nb0_rank0887,Automatic,1,ok,1145.334,186,2,1,0,0,2305843009213693967:183;2305843009213693973:3,Symbolica_default,cached_powers_Q,70,32,1.184,BalancedZippelSeparated
fire7_nb0_rank0888,Automatic,1,ok,1270.154,190,2,1,0,0,2305843009213693967:187;2305843009213693973:3,Symbolica_default,cached_powers_Q,60,39,1.115,BalancedZippelSeparated
fire7_nb0_rank0889,Automatic,1,ok,1261.624,189,2,1,0,0,2305843009213693967:186;2305843009213693973:3,Symbolica_default,cached_powers_Q,60,39,0.727,BalancedZippelSeparated
fire7_nb0_rank0890,Automatic,1,ok,1483.265,159,2,1,0,0,2305843009213693967:156;2305843009213693973:3,Symbolica_default,cached_powers_Q,48,48,0.709,BalancedZippelSeparated
fire7_nb0_rank0891,Automatic,1,ok,1117.604,146,2,1,0,0,2305843009213693967:143;2305843009213693973:3,Symbolica_default,cached_powers_Q,54,45,1.234,BalancedZippelSeparated
fire7_nb0_rank0892,Automatic,1,ok,1203.484,163,2,1,0,0,2305843009213693967:160;2305843009213693973:3,Symbolica_default,cached_powers_Q,66,28,1.334,BalancedZippelSeparated
fire7_nb0_rank0893,Automatic,1,ok,1061.694,161,2,1,0,0,2305843009213693967:158;2305843009213693973:3,Symbolica_default,cached_powers_Q,66,27,1.098,BalancedZippelSeparated
fire7_nb0_rank0894,Automatic,1,ok,1232.834,193,2,1,0,0,2305843009213693967:190;2305843009213693973:3,Symbolica_default,cached_powers_Q,64,39,0.758,BalancedZippelSeparated
fire7_nb0_rank0895,Automatic,1,ok,1411.225,154,2,1,0,0,2305843009213693967:151;2305843009213693973:3,Symbolica_default,cached_powers_Q,66,28,1.117,BalancedZippelSeparated
fire7_nb0_rank0896,Automatic,1,ok,4068.864,136,2,1,0,0,2305843009213693967:133;2305843009213693973:3,Symbolica_default,cached_powers_Q,6,100,0.724,BalancedZippelSeparated
fire7_nb0_rank0897,Automatic,1,ok,3668.293,135,2,1,0,0,2305843009213693967:132;2305843009213693973:3,Symbolica_default,cached_powers_Q,6,100,1.046,BalancedZippelSeparated
fire7_nb0_rank0898,Automatic,1,ok,1207.214,185,2,1,0,0,2305843009213693967:182;2305843009213693973:3,Symbolica_default,cached_powers_Q,72,27,0.704,BalancedZippelSeparated
fire7_nb0_rank0899,Automatic,1,ok,1389.655,207,2,1,0,0,2305843009213693967:204;2305843009213693973:3,Symbolica_default,cached_powers_Q,70,27,0.917,BalancedZippelSeparated
fire7_nb0_rank0900,Automatic,1,ok,1223.505,149,2,1,0,0,2305843009213693967:146;2305843009213693973:3,Symbolica_default,cached_powers_Q,65,28,1.263,BalancedZippelSeparated
fire7_nb0_rank0901,Automatic,1,ok,1583.436,145,2,1,0,0,2305843009213693967:142;2305843009213693973:3,Symbolica_default,cached_powers_Q,63,28,0.906,BalancedZippelSeparated
fire7_nb0_rank0902,Automatic,1,ok,1432.014,188,2,1,0,0,2305843009213693967:185;2305843009213693973:3,Symbolica_default,cached_powers_Q,65,36,0.928,BalancedZippelSeparated
fire7_nb0_rank0903,Automatic,1,ok,1435.125,175,2,1,0,0,2305843009213693967:172;2305843009213693973:3,Symbolica_default,cached_powers_Q,69,28,1.033,BalancedZippelSeparated
fire7_nb0_rank0904,Automatic,1,ok,1254.335,188,2,1,0,0,2305843009213693967:185;2305843009213693973:3,Symbolica_default,cached_powers_Q,65,36,1.105,BalancedZippelSeparated
fire7_nb0_rank0905,Automatic,1,ok,1380.305,174,2,1,0,0,2305843009213693967:171;2305843009213693973:3,Symbolica_default,cached_powers_Q,65,36,0.879,BalancedZippelSeparated
fire7_nb0_rank0906,Automatic,1,ok,1182.453,196,2,1,0,0,2305843009213693967:193;2305843009213693973:3,Symbolica_default,cached_powers_Q,70,36,1.077,BalancedZippelSeparated
fire7_nb0_rank0907,Automatic,1,ok,1588.275,188,2,1,0,0,2305843009213693967:185;2305843009213693973:3,Symbolica_default,cached_powers_Q,54,42,0.701,BalancedZippelSeparated
fire7_nb0_rank0908,Automatic,1,ok,1104.483,176,2,1,0,0,2305843009213693967:173;2305843009213693973:3,Symbolica_default,cached_powers_Q,70,25,1.157,BalancedZippelSeparated
fire7_nb0_rank0909,Automatic,1,ok,1079.403,153,2,1,0,0,2305843009213693967:150;2305843009213693973:3,Symbolica_default,cached_powers_Q,77,10,1.136,BalancedZippelSeparated
fire7_nb0_rank0910,Automatic,1,ok,1520.185,235,2,1,0,0,2305843009213693967:232;2305843009213693973:3,Symbolica_default,cached_powers_Q,36,66,0.721,BalancedZippelSeparated
fire7_nb0_rank0911,Automatic,1,ok,1458.955,235,2,1,0,0,2305843009213693967:232;2305843009213693973:3,Symbolica_default,cached_powers_Q,36,66,0.851,BalancedZippelSeparated
fire7_nb0_rank0912,Automatic,1,ok,1064.964,147,2,1,0,0,2305843009213693967:144;2305843009213693973:3,Symbolica_default,cached_powers_Q,77,15,1.122,BalancedZippelSeparated
fire7_nb0_rank0913,Automatic,1,ok,1108.674,166,2,1,0,0,2305843009213693967:163;2305843009213693973:3,Symbolica_default,cached_powers_Q,54,48,0.712,BalancedZippelSeparated
fire7_nb0_rank0914,Automatic,1,ok,1299.434,144,2,1,0,0,2305843009213693967:141;2305843009213693973:3,Symbolica_default,cached_powers_Q,35,60,1.043,BalancedZippelSeparated
fire7_nb0_rank0915,Automatic,1,ok,1211.324,164,2,1,0,0,2305843009213693967:161;2305843009213693973:3,Symbolica_default,cached_powers_Q,30,75,1.210,BalancedZippelSeparated
fire7_nb0_rank0916,Automatic,1,ok,1352.085,194,2,1,0,0,2305843009213693967:191;2305843009213693973:3,Symbolica_default,cached_powers_Q,70,27,0.927,BalancedZippelSeparated
fire7_nb0_rank0917,Automatic,1,ok,4339.985,245,2,1,0,0,2305843009213693967:242;2305843009213693973:3,Symbolica_default,cached_powers_Q,70,30,1.266,BalancedZippelSeparated
fire7_nb0_rank0918,Automatic,1,ok,1206.104,164,2,1,0,0,2305843009213693967:161;2305843009213693973:3,Symbolica_default,cached_powers_Q,30,75,0.856,BalancedZippelSeparated
fire7_nb0_rank0919,Automatic,1,ok,4525.775,249,2,1,0,0,2305843009213693967:246;2305843009213693973:3,Symbolica_default,cached_powers_Q,68,36,0.734,BalancedZippelSeparated
fire7_nb0_rank0920,Automatic,1,ok,4170.335,158,2,1,0,0,2305843009213693967:155;2305843009213693973:3,Symbolica_default,cached_powers_Q,78,12,0.794,BalancedZippelSeparated
fire7_nb0_rank0921,Automatic,1,ok,1015.573,133,2,1,0,0,2305843009213693967:130;2305843009213693973:3,Symbolica_default,cached_powers_Q,42,54,1.143,BalancedZippelSeparated
fire7_nb0_rank0922,Automatic,1,ok,1465.675,160,2,1,0,0,2305843009213693967:157;2305843009213693973:3,Symbolica_default,cached_powers_Q,72,15,0.764,BalancedZippelSeparated
fire7_nb0_rank0923,Automatic,1,ok,1310.994,174,2,1,0,0,2305843009213693967:171;2305843009213693973:3,Symbolica_default,cached_powers_Q,64,33,0.873,BalancedZippelSeparated
fire7_nb0_rank0924,Automatic,1,ok,1140.344,180,2,1,0,0,2305843009213693967:177;2305843009213693973:3,Symbolica_default,cached_powers_Q,70,27,1.127,BalancedZippelSeparated
fire7_nb0_rank0925,Automatic,1,ok,1214.454,144,2,1,0,0,2305843009213693967:141;2305843009213693973:3,Symbolica_default,cached_powers_Q,72,20,0.976,BalancedZippelSeparated
fire7_nb0_rank0926,Automatic,1,ok,1124.184,140,2,1,0,0,2305843009213693967:137;2305843009213693973:3,Symbolica_default,cached_powers_Q,35,60,1.269,BalancedZippelSeparated
fire7_nb0_rank0927,Automatic,1,ok,1157.784,140,2,1,0,0,2305843009213693967:137;2305843009213693973:3,Symbolica_default,cached_powers_Q,35,60,1.296,BalancedZippelSeparated
fire7_nb0_rank0928,Automatic,1,ok,1153.824,172,2,1,0,0,2305843009213693967:169;2305843009213693973:3,Symbolica_default,cached_powers_Q,64,33,0.930,BalancedZippelSeparated
fire7_nb0_rank0929,Automatic,1,ok,1280.804,170,2,1,0,0,2305843009213693967:167;2305843009213693973:3,Symbolica_default,cached_powers_Q,70,28,1.297,BalancedZippelSeparated
fire7_nb0_rank0930,Automatic,1,ok,1262.804,200,2,1,0,0,2305843009213693967:197;2305843009213693973:3,Symbolica_default,cached_powers_Q,72,27,0.756,BalancedZippelSeparated
fire7_nb0_rank0931,Automatic,1,ok,1258.144,168,2,1,0,0,2305843009213693967:165;2305843009213693973:3,Symbolica_default,cached_powers_Q,61,28,1.222,BalancedZippelSeparated
fire7_nb0_rank0932,Automatic,1,ok,1505.636,164,2,1,0,0,2305843009213693967:161;2305843009213693973:3,Symbolica_default,cached_powers_Q,65,25,0.846,BalancedZippelSeparated
fire7_nb0_rank0933,Automatic,1,ok,1247.154,164,2,1,0,0,2305843009213693967:161;2305843009213693973:3,Symbolica_default,cached_powers_Q,30,75,1.083,BalancedZippelSeparated
fire7_nb0_rank0934,Automatic,1,ok,1459.395,183,2,1,0,0,2305843009213693967:180;2305843009213693973:3,Symbolica_default,cached_powers_Q,65,36,0.971,BalancedZippelSeparated
fire7_nb0_rank0935,Automatic,1,ok,1333.815,140,2,1,0,0,2305843009213693967:137;2305843009213693973:3,Symbolica_default,cached_powers_Q,34,60,1.051,BalancedZippelSeparated
fire7_nb0_rank0936,Automatic,1,ok,1274.564,189,2,1,0,0,2305843009213693967:186;2305843009213693973:3,Symbolica_default,cached_powers_Q,64,36,1.125,BalancedZippelSeparated
fire7_nb0_rank0937,Automatic,1,ok,1011.244,140,2,1,0,0,2305843009213693967:137;2305843009213693973:3,Symbolica_default,cached_powers_Q,63,24,0.785,BalancedZippelSeparated
fire7_nb0_rank0938,Automatic,1,ok,4233.144,231,2,1,0,0,2305843009213693967:228;2305843009213693973:3,Symbolica_default,cached_powers_Q,80,26,1.322,BalancedZippelSeparated
fire7_nb0_rank0939,Automatic,1,ok,1082.614,160,2,1,0,0,2305843009213693967:157;2305843009213693973:3,Symbolica_default,cached_powers_Q,72,18,1.140,BalancedZippelSeparated
fire7_nb0_rank0940,Automatic,1,ok,1049.384,128,2,1,0,0,2305843009213693967:125;2305843009213693973:3,Symbolica_default,cached_powers_Q,63,25,1.269,BalancedZippelSeparated
fire7_nb0_rank0941,Automatic,1,ok,1388.905,180,2,1,0,0,2305843009213693967:177;2305843009213693973:3,Symbolica_default,cached_powers_Q,70,27,0.721,BalancedZippelSeparated
fire7_nb0_rank0942,Automatic,1,ok,1386.375,158,2,1,0,0,2305843009213693967:155;2305843009213693973:3,Symbolica_default,cached_powers_Q,65,28,1.105,BalancedZippelSeparated
fire7_nb0_rank0943,Automatic,1,ok,1229.805,196,2,1,0,0,2305843009213693967:193;2305843009213693973:3,Symbolica_default,cached_powers_Q,70,27,0.709,BalancedZippelSeparated
fire7_nb0_rank0944,Automatic,1,ok,1687.616,205,2,1,0,0,2305843009213693967:202;2305843009213693973:3,Symbolica_default,cached_powers_Q,72,20,0.824,BalancedZippelSeparated
fire7_nb0_rank0945,Automatic,1,ok,1100.293,137,2,1,0,0,2305843009213693967:134;2305843009213693973:3,Symbolica_default,cached_powers_Q,54,35,1.267,BalancedZippelSeparated
fire7_nb0_rank0946,Automatic,1,ok,1455.936,194,2,1,0,0,2305843009213693967:191;2305843009213693973:3,Symbolica_default,cached_powers_Q,71,20,1.037,BalancedZippelSeparated
fire7_nb0_rank0947,Automatic,1,ok,949.493,118,2,1,0,0,2305843009213693967:115;2305843009213693973:3,Symbolica_default,cached_powers_Q,49,35,0.808,BalancedZippelSeparated
fire7_nb0_rank0948,Automatic,1,ok,1203.164,182,2,1,0,0,2305843009213693967:179;2305843009213693973:3,Symbolica_default,cached_powers_Q,55,36,1.050,BalancedZippelSeparated
fire7_nb0_rank0949,Automatic,1,ok,1289.555,190,2,1,0,0,2305843009213693967:187;2305843009213693973:3,Symbolica_default,cached_powers_Q,65,27,0.888,BalancedZippelSeparated
fire7_nb0_rank0950,Automatic,1,ok,918.363,134,2,1,0,0,2305843009213693967:131;2305843009213693973:3,Symbolica_default,cached_powers_Q,68,15,1.191,BalancedZippelSeparated
fire7_nb0_rank0951,Automatic,1,ok,4822.806,230,2,1,0,0,2305843009213693967:227;2305843009213693973:3,Symbolica_default,cached_powers_Q,74,30,0.961,BalancedZippelSeparated
fire7_nb0_rank0952,Automatic,1,ok,1133.394,163,2,1,0,0,2305843009213693967:160;2305843009213693973:3,Symbolica_default,cached_powers_Q,70,20,1.204,BalancedZippelSeparated
fire7_nb0_rank0953,Automatic,1,ok,1380.034,178,2,1,0,0,2305843009213693967:175;2305843009213693973:3,Symbolica_default,cached_powers_Q,70,24,0.873,BalancedZippelSeparated
fire7_nb0_rank0954,Automatic,1,ok,1440.155,145,2,1,0,0,2305843009213693967:142;2305843009213693973:3,Symbolica_default,cached_powers_Q,72,15,0.794,BalancedZippelSeparated
fire7_nb0_rank0955,Automatic,1,ok,1126.854,195,2,1,0,0,2305843009213693967:192;2305843009213693973:3,Symbolica_default,cached_powers_Q,85,10,1.140,BalancedZippelSeparated
fire7_nb0_rank0956,Automatic,1,ok,1415.365,210,2,1,0,0,2305843009213693967:207;2305843009213693973:3,Symbolica_default,cached_powers_Q,79,20,1.195,BalancedZippelSeparated
fire7_nb0_rank0957,Automatic,1,ok,1103.404,170,2,1,0,0,2305843009213693967:167;2305843009213693973:3,Symbolica_default,cached_powers_Q,65,27,1.023,BalancedZippelSeparated
fire7_nb0_rank0958,Automatic,1,ok,946.563,129,2,1,0,0,2305843009213693967:126;2305843009213693973:3,Symbolica_default,cached_powers_Q,42,48,0.670,BalancedZippelSeparated
fire7_nb0_rank0959,Automatic,1,ok,1016.204,142,2,1,0,0,2305843009213693967:139;2305843009213693973:3,Symbolica_default,cached_powers_Q,66,15,1.153,BalancedZippelSeparated
fire7_nb0_rank0960,Automatic,1,ok,1406.315,195,2,1,0,0,2305843009213693967:192;2305843009213693973:3,Symbolica_default,cached_powers_Q,72,20,0.957,BalancedZippelSeparated
fire7_nb0_rank0961,Automatic,1,ok,1203.254,135,2,1,0,0,2305843009213693967:132;2305843009213693973:3,Symbolica_default,cached_powers_Q,7,90,0.861,BalancedZippelSeparated
fire7_nb0_rank0962,Automatic,1,ok,1169.855,185,2,1,0,0,2305843009213693967:182;2305843009213693973:3,Symbolica_default,cached_powers_Q,65,27,1.099,BalancedZippelSeparated
fire7_nb0_rank0963,Automatic,1,ok,1467.065,202,2,1,0,0,2305843009213693967:199;2305843009213693973:3,Symbolica_default,cached_powers_Q,55,42,0.883,BalancedZippelSeparated
fire7_nb0_rank0964,Automatic,1,ok,1472.045,202,2,1,0,0,2305843009213693967:199;2305843009213693973:3,Symbolica_default,cached_powers_Q,55,42,0.918,BalancedZippelSeparated
fire7_nb0_rank0965,Automatic,1,ok,1247.124,160,2,1,0,0,2305843009213693967:157;2305843009213693973:3,Symbolica_default,cached_powers_Q,60,27,0.921,BalancedZippelSeparated
fire7_nb0_rank0966,Automatic,1,ok,1023.984,128,2,1,0,0,2305843009213693967:125;2305843009213693973:3,Symbolica_default,cached_powers_Q,60,20,1.141,BalancedZippelSeparated
fire7_nb0_rank0967,Automatic,1,ok,1177.624,171,2,1,0,0,2305843009213693967:168;2305843009213693973:3,Symbolica_default,cached_powers_Q,60,27,0.889,BalancedZippelSeparated
fire7_nb0_rank0968,Automatic,1,ok,1642.756,200,2,1,0,0,2305843009213693967:197;2305843009213693973:3,Symbolica_default,cached_powers_Q,50,45,0.682,BalancedZippelSeparated
fire7_nb0_rank0969,Automatic,1,ok,1432.035,161,2,1,0,0,2305843009213693967:158;2305843009213693973:3,Symbolica_default,cached_powers_Q,55,30,0.626,BalancedZippelSeparated
fire7_nb0_rank0970,Automatic,1,ok,1232.974,154,2,1,0,0,2305843009213693967:151;2305843009213693973:3,Symbolica_default,cached_powers_Q,72,18,0.930,BalancedZippelSeparated
fire7_nb0_rank0971,Automatic,1,ok,1178.864,199,2,1,0,0,2305843009213693967:196;2305843009213693973:3,Symbolica_default,cached_powers_Q,64,27,1.083,BalancedZippelSeparated
fire7_nb0_rank0972,Automatic,1,ok,1215.924,156,2,1,0,0,2305843009213693967:153;2305843009213693973:3,Symbolica_default,cached_powers_Q,59,27,0.882,BalancedZippelSeparated
fire7_nb0_rank0973,Automatic,1,ok,1003.813,126,2,1,0,0,2305843009213693967:123;2305843009213693973:3,Symbolica_default,cached_powers_Q,54,25,0.796,BalancedZippelSeparated
fire7_nb0_rank0974,Automatic,1,ok,1717.736,201,2,1,0,0,2305843009213693967:198;2305843009213693973:3,Symbolica_default,cached_powers_Q,50,45,0.683,BalancedZippelSeparated
fire7_nb0_rank0975,Automatic,1,ok,1663.026,200,2,1,0,0,2305843009213693967:197;2305843009213693973:3,Symbolica_default,cached_powers_Q,50,45,0.669,BalancedZippelSeparated
fire7_nb0_rank0976,Automatic,1,ok,945.273,148,2,1,0,0,2305843009213693967:145;2305843009213693973:3,Symbolica_default,cached_powers_Q,52,36,1.029,BalancedZippelSeparated
fire7_nb0_rank0977,Automatic,1,ok,1041.844,166,2,1,0,0,2305843009213693967:163;2305843009213693973:3,Symbolica_default,cached_powers_Q,65,24,0.993,BalancedZippelSeparated
fire7_nb0_rank0978,Automatic,1,ok,1231.675,142,2,1,0,0,2305843009213693967:139;2305843009213693973:3,Symbolica_default,cached_powers_Q,71,15,0.980,BalancedZippelSeparated
fire7_nb0_rank0979,Automatic,1,ok,1091.924,127,2,1,0,0,2305843009213693967:124;2305843009213693973:3,Symbolica_default,cached_powers_Q,41,45,0.830,BalancedZippelSeparated
fire7_nb0_rank0980,Automatic,1,ok,1524.915,216,2,1,0,0,2305843009213693967:213;2305843009213693973:3,Symbolica_default,cached_powers_Q,60,30,1.228,BalancedZippelSeparated
fire7_nb0_rank0981,Automatic,1,ok,4439.236,273,2,1,0,0,2305843009213693967:270;2305843009213693973:3,Symbolica_default,cached_powers_Q,73,21,0.973,BalancedZippelSeparated
fire7_nb0_rank0982,Automatic,1,ok,1048.133,170,2,1,0,0,2305843009213693967:167;2305843009213693973:3,Symbolica_default,cached_powers_Q,56,32,0.841,BalancedZippelSeparated
fire7_nb0_rank0983,Automatic,1,ok,1569.395,158,2,1,0,0,2305843009213693967:155;2305843009213693973:3,Symbolica_default,cached_powers_Q,65,21,0.869,BalancedZippelSeparated
fire7_nb0_rank0984,Automatic,1,ok,1064.124,130,2,1,0,0,2305843009213693967:127;2305843009213693973:3,Symbolica_default,cached_powers_Q,66,15,1.107,BalancedZippelSeparated
fire7_nb0_rank0985,Automatic,1,ok,1310.514,137,2,1,0,0,2305843009213693967:134;2305843009213693973:3,Symbolica_default,cached_powers_Q,42,50,0.656,BalancedZippelSeparated
fire7_nb0_rank0986,Automatic,1,ok,1159.474,148,2,1,0,0,2305843009213693967:145;2305843009213693973:3,Symbolica_default,cached_powers_Q,30,56,1.227,BalancedZippelSeparated
fire7_nb0_rank0987,Automatic,1,ok,1337.174,139,2,1,0,0,2305843009213693967:136;2305843009213693973:3,Symbolica_default,cached_powers_Q,54,28,1.059,BalancedZippelSeparated
fire7_nb0_rank0988,Automatic,1,ok,1368.175,172,2,1,0,0,2305843009213693967:169;2305843009213693973:3,Symbolica_default,cached_powers_Q,57,33,0.850,BalancedZippelSeparated
fire7_nb0_rank0989,Automatic,1,ok,958.353,125,2,1,0,0,2305843009213693967:122;2305843009213693973:3,Symbolica_default,cached_powers_Q,61,20,1.070,BalancedZippelSeparated
fire7_nb0_rank0990,Automatic,1,ok,1313.424,203,2,1,0,0,2305843009213693967:200;2305843009213693973:3,Symbolica_default,cached_powers_Q,70,20,1.181,BalancedZippelSeparated
fire7_nb0_rank0991,Automatic,1,ok,1605.456,215,2,1,0,0,2305843009213693967:212;2305843009213693973:3,Symbolica_default,cached_powers_Q,67,30,1.285,BalancedZippelSeparated
fire7_nb0_rank0992,Automatic,1,ok,1499.965,152,2,1,0,0,2305843009213693967:149;2305843009213693973:3,Symbolica_default,cached_powers_Q,69,12,0.742,BalancedZippelSeparated
fire7_nb0_rank0993,Automatic,1,ok,1046.414,180,2,1,0,0,2305843009213693967:177;2305843009213693973:3,Symbolica_default,cached_powers_Q,60,27,0.708,BalancedZippelSeparated
fire7_nb0_rank0994,Automatic,1,ok,1124.984,135,2,1,0,0,2305843009213693967:132;2305843009213693973:3,Symbolica_default,cached_powers_Q,48,36,0.894,BalancedZippelSeparated
fire7_nb0_rank0995,Automatic,1,ok,1554.835,187,2,1,0,0,2305843009213693967:184;2305843009213693973:3,Symbolica_default,cached_powers_Q,56,39,0.690,BalancedZippelSeparated
fire7_nb0_rank0996,Automatic,1,ok,1309.694,135,2,1,0,0,2305843009213693967:132;2305843009213693973:3,Symbolica_default,cached_powers_Q,48,36,0.682,BalancedZippelSeparated
fire7_nb0_rank0997,Automatic,1,ok,1440.455,168,2,1,0,0,2305843009213693967:165;2305843009213693973:3,Symbolica_default,cached_powers_Q,50,39,0.622,BalancedZippelSeparated
fire7_nb0_rank0998,Automatic,1,ok,1101.244,159,2,1,0,0,2305843009213693967:156;2305843009213693973:3,Symbolica_default,cached_powers_Q,50,39,1.019,BalancedZippelSeparated
fire7_nb0_rank0999,Automatic,1,ok,1315.284,171,2,1,0,0,2305843009213693967:168;2305843009213693973:3,Symbolica_default,cached_powers_Q,70,15,0.868,BalancedZippelSeparated
fire7_nb0_rank1000,Automatic,1,ok,886.373,131,2,1,0,0,2305843009213693967:128;2305843009213693973:3,Symbolica_default,cached_powers_Q,63,15,1.062,BalancedZippelSeparated
fire7_nb0_rank1001,Automatic,1,ok,994.063,150,2,1,0,0,2305843009213693967:147;2305843009213693973:3,Symbolica_default,cached_powers_Q,54,27,1.046,BalancedZippelSeparated
fire7_nb0_rank1002,Automatic,1,ok,1417.275,212,2,1,0,0,2305843009213693967:209;2305843009213693973:3,Symbolica_default,cached_powers_Q,56,36,0.868,BalancedZippelSeparated
fire7_nb0_rank1003,Automatic,1,ok,1362.005,146,2,1,0,0,2305843009213693967:143;2305843009213693973:3,Symbolica_default,cached_powers_Q,59,27,1.136,BalancedZippelSeparated
fire7_nb0_rank1004,Automatic,1,ok,996.493,114,2,1,0,0,2305843009213693967:111;2305843009213693973:3,Symbolica_default,cached_powers_Q,35,45,0.852,BalancedZippelSeparated
fire7_nb0_rank1005,Automatic,1,ok,1408.955,157,2,1,0,0,2305843009213693967:154;2305843009213693973:3,Symbolica_default,cached_powers_Q,65,15,0.718,BalancedZippelSeparated
fire7_nb0_rank1006,Automatic,1,ok,1486.926,137,2,1,0,0,2305843009213693967:134;2305843009213693973:3,Symbolica_default,cached_powers_Q,54,28,0.821,BalancedZippelSeparated
fire7_nb0_rank1007,Automatic,1,ok,976.064,127,2,1,0,0,2305843009213693967:124;2305843009213693973:3,Symbolica_default,cached_powers_Q,21,60,1.153,BalancedZippelSeparated
fire7_nb0_rank1008,Automatic,1,ok,4516.985,228,2,1,0,0,2305843009213693967:225;2305843009213693973:3,Symbolica_default,cached_powers_Q,68,26,0.806,BalancedZippelSeparated
fire7_nb0_rank1009,Automatic,1,ok,1130.554,140,2,1,0,0,2305843009213693967:137;2305843009213693973:3,Symbolica_default,cached_powers_Q,48,36,0.843,BalancedZippelSeparated
fire7_nb0_rank1010,Automatic,1,ok,1183.414,131,2,1,0,0,2305843009213693967:128;2305843009213693973:3,Symbolica_default,cached_powers_Q,63,20,0.938,BalancedZippelSeparated
fire7_nb0_rank1011,Automatic,1,ok,1077.844,122,2,1,0,0,2305843009213693967:119;2305843009213693973:3,Symbolica_default,cached_powers_Q,54,20,0.929,BalancedZippelSeparated
fire7_nb0_rank1012,Automatic,1,ok,1133.704,141,2,1,0,0,2305843009213693967:138;2305843009213693973:3,Symbolica_default,cached_powers_Q,60,24,0.811,BalancedZippelSeparated
fire7_nb0_rank1013,Automatic,1,ok,1056.034,135,2,1,0,0,2305843009213693967:132;2305843009213693973:3,Symbolica_default,cached_powers_Q,48,32,0.932,BalancedZippelSeparated
fire7_nb0_rank1014,Automatic,1,ok,1263.664,120,2,1,0,0,2305843009213693967:117;2305843009213693973:3,Symbolica_default,cached_powers_Q,54,28,1.075,BalancedZippelSeparated
fire7_nb0_rank1015,Automatic,1,ok,1213.174,173,2,1,0,0,2305843009213693967:170;2305843009213693973:3,Symbolica_default,cached_powers_Q,64,21,1.229,BalancedZippelSeparated
fire7_nb0_rank1016,Automatic,1,ok,1490.405,127,2,1,0,0,2305843009213693967:124;2305843009213693973:3,Symbolica_default,cached_powers_Q,66,12,0.756,BalancedZippelSeparated
fire7_nb0_rank1017,Automatic,1,ok,1039.024,156,2,1,0,0,2305843009213693967:153;2305843009213693973:3,Symbolica_default,cached_powers_Q,65,18,1.183,BalancedZippelSeparated
fire7_nb0_rank1018,Automatic,1,ok,1207.004,152,2,1,0,0,2305843009213693967:149;2305843009213693973:3,Symbolica_default,cached_powers_Q,54,27,0.865,BalancedZippelSeparated
fire7_nb0_rank1019,Automatic,1,ok,1308.004,127,2,1,0,0,2305843009213693967:124;2305843009213693973:3,Symbolica_default,cached_powers_Q,21,72,1.032,BalancedZippelSeparated
fire7_nb0_rank1020,Automatic,1,ok,1425.174,157,2,1,0,0,2305843009213693967:154;2305843009213693973:3,Symbolica_default,cached_powers_Q,65,15,0.762,BalancedZippelSeparated
fire7_nb0_rank1021,Automatic,1,ok,1019.464,128,2,1,0,0,2305843009213693967:125;2305843009213693973:3,Symbolica_default,cached_powers_Q,66,15,1.187,BalancedZippelSeparated
fire7_nb0_rank1022,Automatic,1,ok,1116.264,141,2,1,0,0,2305843009213693967:138;2305843009213693973:3,Symbolica_default,cached_powers_Q,30,56,1.177,BalancedZippelSeparated
fire7_nb0_rank1023,Automatic,1,ok,1039.384,154,2,1,0,0,2305843009213693967:151;2305843009213693973:3,Symbolica_default,cached_powers_Q,70,12,1.100,BalancedZippelSeparated
fire7_nb0_rank1024,Automatic,1,ok,1230.104,212,2,1,0,0,2305843009213693967:209;2305843009213693973:3,Symbolica_default,cached_powers_Q,56,36,1.063,BalancedZippelSeparated
fire7_nb0_rank1025,Automatic,1,ok,1153.724,114,2,1,0,0,2305843009213693967:111;2305843009213693973:3,Symbolica_default,cached_powers_Q,42,42,0.778,BalancedZippelSeparated
fire7_nb0_rank1026,Automatic,1,ok,1337.324,140,2,1,0,0,2305843009213693967:137;2305843009213693973:3,Symbolica_default,cached_powers_Q,54,27,0.645,BalancedZippelSeparated
fire7_nb0_rank1027,Automatic,1,ok,1171.784,150,2,1,0,0,2305843009213693967:147;2305843009213693973:3,Symbolica_default,cached_powers_Q,54,27,0.899,BalancedZippelSeparated
fire7_nb0_rank1028,Automatic,1,ok,1107.713,150,2,1,0,0,2305843009213693967:147;2305843009213693973:3,Symbolica_default,cached_powers_Q,64,20,1.255,BalancedZippelSeparated
fire7_nb0_rank1029,Automatic,1,ok,1298.204,115,2,1,0,0,2305843009213693967:112;2305843009213693973:3,Symbolica_default,cached_powers_Q,59,16,0.667,BalancedZippelSeparated
fire7_nb0_rank1030,Automatic,1,ok,1264.984,197,2,1,0,0,2305843009213693967:194;2305843009213693973:3,Symbolica_default,cached_powers_Q,60,24,1.152,BalancedZippelSeparated
fire7_nb0_rank1031,Automatic,1,ok,1311.675,150,2,1,0,0,2305843009213693967:147;2305843009213693973:3,Symbolica_default,cached_powers_Q,30,56,0.994,BalancedZippelSeparated
fire7_nb0_rank1032,Automatic,1,ok,1069.844,123,2,1,0,0,2305843009213693967:120;2305843009213693973:3,Symbolica_default,cached_powers_Q,54,32,0.860,BalancedZippelSeparated
fire7_nb0_rank1033,Automatic,1,ok,1355.435,144,2,1,0,0,2305843009213693967:141;2305843009213693973:3,Symbolica_default,cached_powers_Q,40,48,0.658,BalancedZippelSeparated
fire7_nb0_rank1034,Automatic,1,ok,1185.174,175,2,1,0,0,2305843009213693967:172;2305843009213693973:3,Symbolica_default,cached_powers_Q,18,72,0.896,BalancedZippelSeparated
fire7_nb0_rank1035,Automatic,1,ok,1309.065,126,2,1,0,0,2305843009213693967:123;2305843009213693973:3,Symbolica_default,cached_powers_Q,54,28,0.804,BalancedZippelSeparated
fire7_nb0_rank1036,Automatic,1,ok,1095.254,113,2,1,0,0,2305843009213693967:110;2305843009213693973:3,Symbolica_default,cached_powers_Q,42,36,0.928,BalancedZippelSeparated
fire7_nb0_rank1037,Automatic,1,ok,1250.225,139,2,1,0,0,2305843009213693967:136;2305843009213693973:3,Symbolica_default,cached_powers_Q,7,80,0.831,BalancedZippelSeparated
fire7_nb0_rank1038,Automatic,1,ok,1425.774,143,2,1,0,0,2305843009213693967:140;2305843009213693973:3,Symbolica_default,cached_powers_Q,60,21,0.728,BalancedZippelSeparated
fire7_nb0_rank1039,Automatic,1,ok,4019.684,229,2,1,0,0,2305843009213693967:226;2305843009213693973:3,Symbolica_default,cached_powers_Q,56,28,1.146,BalancedZippelSeparated
fire7_nb0_rank1040,Automatic,1,ok,1415.335,185,2,1,0,0,2305843009213693967:182;2305843009213693973:3,Symbolica_default,cached_powers_Q,68,14,0.954,BalancedZippelSeparated
fire7_nb0_rank1041,Automatic,1,ok,1262.285,156,2,1,0,0,2305843009213693967:153;2305843009213693973:3,Symbolica_default,cached_powers_Q,50,36,0.867,BalancedZippelSeparated
fire7_nb0_rank1042,Automatic,1,ok,1279.875,133,2,1,0,0,2305843009213693967:130;2305843009213693973:3,Symbolica_default,cached_powers_Q,48,32,0.638,BalancedZippelSeparated
fire7_nb0_rank1043,Automatic,1,ok,914.883,120,2,1,0,0,2305843009213693967:117;2305843009213693973:3,Symbolica_default,cached_powers_Q,54,20,1.095,BalancedZippelSeparated
fire7_nb0_rank1044,Automatic,1,ok,890.053,138,2,1,0,0,2305843009213693967:135;2305843009213693973:3,Symbolica_default,cached_powers_Q,64,10,0.711,BalancedZippelSeparated
fire7_nb0_rank1045,Automatic,1,ok,863.733,133,2,1,0,0,2305843009213693967:130;2305843009213693973:3,Symbolica_default,cached_powers_Q,47,32,0.789,BalancedZippelSeparated
fire7_nb0_rank1046,Automatic,1,ok,919.993,149,2,1,0,0,2305843009213693967:146;2305843009213693973:3,Symbolica_default,cached_powers_Q,48,32,1.065,BalancedZippelSeparated
fire7_nb0_rank1047,Automatic,1,ok,931.974,125,2,1,0,0,2305843009213693967:122;2305843009213693973:3,Symbolica_default,cached_powers_Q,42,36,1.099,BalancedZippelSeparated
fire7_nb0_rank1048,Automatic,1,ok,1222.814,142,2,1,0,0,2305843009213693967:139;2305843009213693973:3,Symbolica_default,cached_powers_Q,60,20,0.962,BalancedZippelSeparated
fire7_nb0_rank1049,Automatic,1,ok,4187.034,229,2,1,0,0,2305843009213693967:226;2305843009213693973:3,Symbolica_default,cached_powers_Q,56,28,0.968,BalancedZippelSeparated
fire7_nb0_rank1050,Automatic,1,ok,1302.364,157,2,1,0,0,2305843009213693967:154;2305843009213693973:3,Symbolica_default,cached_powers_Q,58,21,0.997,BalancedZippelSeparated
fire7_nb0_rank1051,Automatic,1,ok,1350.175,140,2,1,0,0,2305843009213693967:137;2305843009213693973:3,Symbolica_default,cached_powers_Q,59,18,0.737,BalancedZippelSeparated
fire7_nb0_rank1052,Automatic,1,ok,1518.035,144,2,1,0,0,2305843009213693967:141;2305843009213693973:3,Symbolica_default,cached_powers_Q,24,56,0.824,BalancedZippelSeparated
fire7_nb0_rank1053,Automatic,1,ok,1188.044,151,2,1,0,0,2305843009213693967:148;2305843009213693973:3,Symbolica_default,cached_powers_Q,64,15,0.907,BalancedZippelSeparated
fire7_nb0_rank1054,Automatic,1,ok,1142.204,118,2,1,0,0,2305843009213693967:115;2305843009213693973:3,Symbolica_default,cached_powers_Q,42,35,0.789,BalancedZippelSeparated
fire7_nb0_rank1055,Automatic,1,ok,1061.454,112,2,1,0,0,2305843009213693967:109;2305843009213693973:3,Symbolica_default,cached_powers_Q,42,35,0.997,BalancedZippelSeparated
fire7_nb0_rank1056,Automatic,1,ok,1201.874,129,2,1,0,0,2305843009213693967:126;2305843009213693973:3,Symbolica_default,cached_powers_Q,48,28,1.046,BalancedZippelSeparated
fire7_nb0_rank1057,Automatic,1,ok,1243.144,124,2,1,0,0,2305843009213693967:121;2305843009213693973:3,Symbolica_default,cached_powers_Q,42,36,0.616,BalancedZippelSeparated
fire7_nb0_rank1058,Automatic,1,ok,1137.514,129,2,1,0,0,2305843009213693967:126;2305843009213693973:3,Symbolica_default,cached_powers_Q,42,36,0.844,BalancedZippelSeparated
fire7_nb0_rank1059,Automatic,1,ok,1193.844,156,2,1,0,0,2305843009213693967:153;2305843009213693973:3,Symbolica_default,cached_powers_Q,49,36,0.876,BalancedZippelSeparated
fire7_nb0_rank1060,Automatic,1,ok,1509.015,216,2,1,0,0,2305843009213693967:213;2305843009213693973:3,Symbolica_default,cached_powers_Q,56,28,0.974,BalancedZippelSeparated
fire7_nb0_rank1061,Automatic,1,ok,998.363,135,2,1,0,0,2305843009213693967:132;2305843009213693973:3,Symbolica_default,cached_powers_Q,6,80,1.028,BalancedZippelSeparated
fire7_nb0_rank1062,Automatic,1,ok,1188.964,173,2,1,0,0,2305843009213693967:170;2305843009213693973:3,Symbolica_default,cached_powers_Q,62,21,1.210,BalancedZippelSeparated
fire7_nb0_rank1063,Automatic,1,ok,1262.724,174,2,1,0,0,2305843009213693967:171;2305843009213693973:3,Symbolica_default,cached_powers_Q,59,20,0.727,BalancedZippelSeparated
fire7_nb0_rank1064,Automatic,1,ok,1119.944,120,2,1,0,0,2305843009213693967:117;2305843009213693973:3,Symbolica_default,cached_powers_Q,35,45,0.824,BalancedZippelSeparated
fire7_nb0_rank1065,Automatic,1,ok,1395.235,165,2,1,0,0,2305843009213693967:162;2305843009213693973:3,Symbolica_default,cached_powers_Q,59,21,1.062,BalancedZippelSeparated
fire7_nb0_rank1066,Automatic,1,ok,1177.473,120,2,1,0,0,2305843009213693967:117;2305843009213693973:3,Symbolica_default,cached_powers_Q,35,45,1.000,BalancedZippelSeparated
fire7_nb0_rank1067,Automatic,1,ok,4364.255,247,2,1,0,0,2305843009213693967:244;2305843009213693973:3,Symbolica_default,cached_powers_Q,64,14,0.876,BalancedZippelSeparated
fire7_nb0_rank1068,Automatic,1,ok,1217.644,143,2,1,0,0,2305843009213693967:140;2305843009213693973:3,Symbolica_default,cached_powers_Q,60,20,0.971,BalancedZippelSeparated
fire7_nb0_rank1069,Automatic,1,ok,1420.855,131,2,1,0,0,2305843009213693967:128;2305843009213693973:3,Symbolica_default,cached_powers_Q,64,12,0.703,BalancedZippelSeparated
fire7_nb0_rank1070,Automatic,1,ok,1003.084,160,2,1,0,0,2305843009213693967:157;2305843009213693973:3,Symbolica_default,cached_powers_Q,56,20,1.112,BalancedZippelSeparated
fire7_nb0_rank1071,Automatic,1,ok,1001.374,149,2,1,0,0,2305843009213693967:146;2305843009213693973:3,Symbolica_default,cached_powers_Q,65,12,0.852,BalancedZippelSeparated
fire7_nb0_rank1072,Automatic,1,ok,1470.535,147,2,1,0,0,2305843009213693967:144;2305843009213693973:3,Symbolica_default,cached_powers_Q,60,18,0.719,BalancedZippelSeparated
fire7_nb0_rank1073,Automatic,1,ok,1275.075,196,2,1,0,0,2305843009213693967:193;2305843009213693973:3,Symbolica_default,cached_powers_Q,68,12,0.907,BalancedZippelSeparated
fire7_nb0_rank1074,Automatic,1,ok,772.403,111,2,1,0,0,2305843009213693967:108;2305843009213693973:3,Symbolica_default,cached_powers_Q,42,30,0.653,BalancedZippelSeparated
fire7_nb0_rank1075,Automatic,1,ok,1316.725,146,2,1,0,0,2305843009213693967:143;2305843009213693973:3,Symbolica_default,cached_powers_Q,55,21,1.060,BalancedZippelSeparated
fire7_nb0_rank1076,Automatic,1,ok,1158.594,133,2,1,0,0,2305843009213693967:130;2305843009213693973:3,Symbolica_default,cached_powers_Q,64,12,0.900,BalancedZippelSeparated
fire7_nb0_rank1077,Automatic,1,ok,1215.174,162,2,1,0,0,2305843009213693967:159;2305843009213693973:3,Symbolica_default,cached_powers_Q,56,20,0.929,BalancedZippelSeparated
fire7_nb0_rank1078,Automatic,1,ok,1075.484,149,2,1,0,0,2305843009213693967:146;2305843009213693973:3,Symbolica_default,cached_powers_Q,60,18,0.747,BalancedZippelSeparated
fire7_nb0_rank1079,Automatic,1,ok,1439.285,166,2,1,0,0,2305843009213693967:163;2305843009213693973:3,Symbolica_default,cached_powers_Q,56,24,0.647,BalancedZippelSeparated
fire7_nb0_rank1080,Automatic,1,ok,1271.064,178,2,1,0,0,2305843009213693967:175;2305843009213693973:3,Symbolica_default,cached_powers_Q,67,12,0.941,BalancedZippelSeparated
fire7_nb0_rank1081,Automatic,1,ok,1098.013,123,2,1,0,0,2305843009213693967:120;2305843009213693973:3,Symbolica_default,cached_powers_Q,18,60,0.908,BalancedZippelSeparated
fire7_nb0_rank1082,Automatic,1,ok,1435.195,152,2,1,0,0,2305843009213693967:149;2305843009213693973:3,Symbolica_default,cached_powers_Q,60,15,0.705,BalancedZippelSeparated
fire7_nb0_rank1083,Automatic,1,ok,1357.794,142,2,1,0,0,2305843009213693967:139;2305843009213693973:3,Symbolica_default,cached_powers_Q,48,27,0.640,BalancedZippelSeparated
fire7_nb0_rank1084,Automatic,1,ok,1054.523,141,2,1,0,0,2305843009213693967:138;2305843009213693973:3,Symbolica_default,cached_powers_Q,50,28,1.183,BalancedZippelSeparated
fire7_nb0_rank1085,Automatic,1,ok,929.613,132,2,1,0,0,2305843009213693967:129;2305843009213693973:3,Symbolica_default,cached_powers_Q,48,27,1.107,BalancedZippelSeparated
fire7_nb0_rank1086,Automatic,1,ok,995.754,159,2,1,0,0,2305843009213693967:156;2305843009213693973:3,Symbolica_default,cached_powers_Q,56,20,0.857,BalancedZippelSeparated
fire7_nb0_rank1087,Automatic,1,ok,899.043,120,2,1,0,0,2305843009213693967:117;2305843009213693973:3,Symbolica_default,cached_powers_Q,53,20,0.882,BalancedZippelSeparated
fire7_nb0_rank1088,Automatic,1,ok,1102.243,134,2,1,0,0,2305843009213693967:131;2305843009213693973:3,Symbolica_default,cached_powers_Q,65,9,0.859,BalancedZippelSeparated
fire7_nb0_rank1089,Automatic,1,ok,1150.024,131,2,1,0,0,2305843009213693967:128;2305843009213693973:3,Symbolica_default,cached_powers_Q,60,12,0.937,BalancedZippelSeparated
fire7_nb0_rank1090,Automatic,1,ok,1141.634,148,2,1,0,0,2305843009213693967:145;2305843009213693973:3,Symbolica_default,cached_powers_Q,52,24,0.828,BalancedZippelSeparated
fire7_nb0_rank1091,Automatic,1,ok,1367.955,169,2,1,0,0,2305843009213693967:166;2305843009213693973:3,Symbolica_default,cached_powers_Q,56,20,0.682,BalancedZippelSeparated
fire7_nb0_rank1092,Automatic,1,ok,1250.664,189,2,1,0,0,2305843009213693967:186;2305843009213693973:3,Symbolica_default,cached_powers_Q,65,12,0.886,BalancedZippelSeparated
fire7_nb0_rank1093,Automatic,1,ok,1197.854,102,2,1,0,0,2305843009213693967:99;2305843009213693973:3,Symbolica_default,cached_powers_Q,49,18,0.606,BalancedZippelSeparated
fire7_nb0_rank1094,Automatic,1,ok,1489.175,147,2,1,0,0,2305843009213693967:144;2305843009213693973:3,Symbolica_default,cached_powers_Q,53,21,0.783,BalancedZippelSeparated
fire7_nb0_rank1095,Automatic,1,ok,1272.904,158,2,1,0,0,2305843009213693967:155;2305843009213693973:3,Symbolica_default,cached_powers_Q,55,18,0.899,BalancedZippelSeparated
fire7_nb0_rank1096,Automatic,1,ok,1282.584,129,2,1,0,0,2305843009213693967:126;2305843009213693973:3,Symbolica_default,cached_powers_Q,45,28,0.896,BalancedZippelSeparated
fire7_nb0_rank1097,Automatic,1,ok,1044.703,120,2,1,0,0,2305843009213693967:117;2305843009213693973:3,Symbolica_default,cached_powers_Q,62,12,0.805,BalancedZippelSeparated
fire7_nb0_rank1098,Automatic,1,ok,1121.614,159,2,1,0,0,2305843009213693967:156;2305843009213693973:3,Symbolica_default,cached_powers_Q,49,30,0.789,BalancedZippelSeparated
fire7_nb0_rank1099,Automatic,1,ok,1256.964,158,2,1,0,0,2305843009213693967:155;2305843009213693973:3,Symbolica_default,cached_powers_Q,56,20,0.941,BalancedZippelSeparated
fire7_nb0_rank1100,Automatic,1,ok,1011.184,154,2,1,0,0,2305843009213693967:151;2305843009213693973:3,Symbolica_default,cached_powers_Q,45,36,0.825,BalancedZippelSeparated
fire7_nb0_rank1101,Automatic,1,ok,1361.895,135,2,1,0,0,2305843009213693967:132;2305843009213693973:3,Symbolica_default,cached_powers_Q,45,36,0.618,BalancedZippelSeparated
fire7_nb0_rank1102,Automatic,1,ok,1122.714,138,2,1,0,0,2305843009213693967:135;2305843009213693973:3,Symbolica_default,cached_powers_Q,53,18,0.966,BalancedZippelSeparated
fire7_nb0_rank1103,Automatic,1,ok,1330.385,116,2,1,0,0,2305843009213693967:113;2305843009213693973:3,Symbolica_default,cached_powers_Q,30,45,0.750,BalancedZippelSeparated
fire7_nb0_rank1104,Automatic,1,ok,1097.643,110,2,1,0,0,2305843009213693967:107;2305843009213693973:3,Symbolica_default,cached_powers_Q,30,45,0.946,BalancedZippelSeparated
fire7_nb0_rank1105,Automatic,1,ok,914.353,107,2,1,0,0,2305843009213693967:104;2305843009213693973:3,Symbolica_default,cached_powers_Q,30,45,0.932,BalancedZippelSeparated
fire7_nb0_rank1106,Automatic,1,ok,1094.804,110,2,1,0,0,2305843009213693967:107;2305843009213693973:3,Symbolica_default,cached_powers_Q,30,45,0.933,BalancedZippelSeparated
fire7_nb0_rank1107,Automatic,1,ok,1178.424,173,2,1,0,0,2305843009213693967:170;2305843009213693973:3,Symbolica_default,cached_powers_Q,56,27,0.831,BalancedZippelSeparated
fire7_nb0_rank1108,Automatic,1,ok,1395.255,154,2,1,0,0,2305843009213693967:151;2305843009213693973:3,Symbolica_default,cached_powers_Q,52,28,0.741,BalancedZippelSeparated
fire7_nb0_rank1109,Automatic,1,ok,1184.304,123,2,1,0,0,2305843009213693967:120;2305843009213693973:3,Symbolica_default,cached_powers_Q,18,60,0.926,BalancedZippelSeparated
fire7_nb0_rank1110,Automatic,1,ok,3826.473,131,2,1,0,0,2305843009213693967:128;2305843009213693973:3,Symbolica_default,cached_powers_Q,6,72,0.830,BalancedZippelSeparated
fire7_nb0_rank1111,Automatic,1,ok,999.584,118,2,1,0,0,2305843009213693967:115;2305843009213693973:3,Symbolica_default,cached_powers_Q,36,36,0.804,BalancedZippelSeparated
fire7_nb0_rank1112,Automatic,1,ok,1147.364,127,2,1,0,0,2305843009213693967:124;2305843009213693973:3,Symbolica_default,cached_powers_Q,54,20,0.951,BalancedZippelSeparated
fire7_nb0_rank1113,Automatic,1,ok,1045.073,111,2,1,0,0,2305843009213693967:108;2305843009213693973:3,Symbolica_default,cached_powers_Q,48,20,0.835,BalancedZippelSeparated
fire7_nb0_rank1114,Automatic,1,ok,1065.603,116,2,1,0,0,2305843009213693967:113;2305843009213693973:3,Symbolica_default,cached_powers_Q,30,45,0.944,BalancedZippelSeparated
fire7_nb0_rank1115,Automatic,1,ok,1104.004,116,2,1,0,0,2305843009213693967:113;2305843009213693973:3,Symbolica_default,cached_powers_Q,28,36,0.893,BalancedZippelSeparated
fire7_nb0_rank1116,Automatic,1,ok,970.223,133,2,1,0,0,2305843009213693967:130;2305843009213693973:3,Symbolica_default,cached_powers_Q,40,36,0.861,BalancedZippelSeparated
fire7_nb0_rank1117,Automatic,1,ok,1117.034,116,2,1,0,0,2305843009213693967:113;2305843009213693973:3,Symbolica_default,cached_powers_Q,30,45,0.969,BalancedZippelSeparated
fire7_nb0_rank1118,Automatic,1,ok,973.633,111,2,1,0,0,2305843009213693967:108;2305843009213693973:3,Symbolica_default,cached_powers_Q,48,15,0.667,BalancedZippelSeparated
fire7_nb0_rank1119,Automatic,1,ok,1037.293,118,2,1,0,0,2305843009213693967:115;2305843009213693973:3,Symbolica_default,cached_powers_Q,35,36,0.798,BalancedZippelSeparated
fire7_nb0_rank1120,Automatic,1,ok,867.693,110,2,1,0,0,2305843009213693967:107;2305843009213693973:3,Symbolica_default,cached_powers_Q,42,21,1.132,BalancedZippelSeparated
fire7_nb0_rank1121,Automatic,1,ok,1130.454,127,2,1,0,0,2305843009213693967:124;2305843009213693973:3,Symbolica_default,cached_powers_Q,54,15,0.870,BalancedZippelSeparated
fire7_nb0_rank1122,Automatic,1,ok,849.373,121,2,1,0,0,2305843009213693967:118;2305843009213693973:3,Symbolica_default,cached_powers_Q,54,12,1.007,BalancedZippelSeparated
fire7_nb0_rank1123,Automatic,1,ok,1059.934,127,2,1,0,0,2305843009213693967:124;2305843009213693973:3,Symbolica_default,cached_powers_Q,54,15,0.835,BalancedZippelSeparated
fire7_nb0_rank1124,Automatic,1,ok,914.823,129,2,1,0,0,2305843009213693967:126;2305843009213693973:3,Symbolica_default,cached_powers_Q,50,21,0.669,BalancedZippelSeparated
fire7_nb0_rank1125,Automatic,1,ok,1196.355,133,2,1,0,0,2305843009213693967:130;2305843009213693973:3,Symbolica_default,cached_powers_Q,40,36,0.934,BalancedZippelSeparated
fire7_nb0_rank1126,Automatic,1,ok,988.613,122,2,1,0,0,2305843009213693967:119;2305843009213693973:3,Symbolica_default,cached_powers_Q,40,32,0.778,BalancedZippelSeparated
fire7_nb0_rank1127,Automatic,1,ok,1459.675,162,2,1,0,0,2305843009213693967:159;2305843009213693973:3,Symbolica_default,cached_powers_Q,39,39,0.649,BalancedZippelSeparated
fire7_nb0_rank1128,Automatic,1,ok,1425.135,178,2,1,0,0,2305843009213693967:175;2305843009213693973:3,Symbolica_default,cached_powers_Q,55,26,0.961,BalancedZippelSeparated
fire7_nb0_rank1129,Automatic,1,ok,1384.355,139,2,1,0,0,2305843009213693967:136;2305843009213693973:3,Symbolica_default,cached_powers_Q,47,21,0.749,BalancedZippelSeparated
fire7_nb0_rank1130,Automatic,1,ok,1083.414,129,2,1,0,0,2305843009213693967:126;2305843009213693973:3,Symbolica_default,cached_powers_Q,54,15,0.784,BalancedZippelSeparated
fire7_nb0_rank1131,Automatic,1,ok,1229.814,136,2,1,0,0,2305843009213693967:133;2305843009213693973:3,Symbolica_default,cached_powers_Q,45,27,0.569,BalancedZippelSeparated
fire7_nb0_rank1132,Automatic,1,ok,1075.234,122,2,1,0,0,2305843009213693967:119;2305843009213693973:3,Symbolica_default,cached_powers_Q,42,28,0.908,BalancedZippelSeparated
fire7_nb0_rank1133,Automatic,1,ok,1299.825,160,2,1,0,0,2305843009213693967:157;2305843009213693973:3,Symbolica_default,cached_powers_Q,49,27,0.575,BalancedZippelSeparated
fire7_nb0_rank1134,Automatic,1,ok,1189.724,133,2,1,0,0,2305843009213693967:130;2305843009213693973:3,Symbolica_default,cached_powers_Q,40,36,0.987,BalancedZippelSeparated
fire7_nb0_rank1135,Automatic,1,ok,1228.325,141,2,1,0,0,2305843009213693967:138;2305843009213693973:3,Symbolica_default,cached_powers_Q,49,21,1.006,BalancedZippelSeparated
fire7_nb0_rank1136,Automatic,1,ok,1009.423,114,2,1,0,0,2305843009213693967:111;2305843009213693973:3,Symbolica_default,cached_powers_Q,45,20,0.860,BalancedZippelSeparated
fire7_nb0_rank1137,Automatic,1,ok,735.002,108,2,1,0,0,2305843009213693967:105;2305843009213693973:3,Symbolica_default,cached_powers_Q,51,15,0.960,BalancedZippelSeparated
fire7_nb0_rank1138,Automatic,1,ok,1248.104,165,2,1,0,0,2305843009213693967:162;2305843009213693973:3,Symbolica_default,cached_powers_Q,56,18,0.925,BalancedZippelSeparated
fire7_nb0_rank1139,Automatic,1,ok,1191.494,153,2,1,0,0,2305843009213693967:150;2305843009213693973:3,Symbolica_default,cached_powers_Q,49,27,0.788,BalancedZippelSeparated
fire7_nb0_rank1140,Automatic,1,ok,1247.814,149,2,1,0,0,2305843009213693967:146;2305843009213693973:3,Symbolica_default,cached_powers_Q,55,14,0.915,BalancedZippelSeparated
fire7_nb0_rank1141,Automatic,1,ok,1279.664,116,2,1,0,0,2305843009213693967:113;2305843009213693973:3,Symbolica_default,cached_powers_Q,45,20,0.664,BalancedZippelSeparated
fire7_nb0_rank1142,Automatic,1,ok,1021.534,102,2,1,0,0,2305843009213693967:99;2305843009213693973:3,Symbolica_default,cached_powers_Q,49,15,0.842,BalancedZippelSeparated
fire7_nb0_rank1143,Automatic,1,ok,958.483,121,2,1,0,0,2305843009213693967:118;2305843009213693973:3,Symbolica_default,cached_powers_Q,44,28,1.104,BalancedZippelSeparated
fire7_nb0_rank1144,Automatic,1,ok,1117.103,160,2,1,0,0,2305843009213693967:157;2305843009213693973:3,Symbolica_default,cached_powers_Q,56,15,0.823,BalancedZippelSeparated
fire7_nb0_rank1145,Automatic,1,ok,1337.944,133,2,1,0,0,2305843009213693967:130;2305843009213693973:3,Symbolica_default,cached_powers_Q,58,12,0.899,BalancedZippelSeparated
fire7_nb0_rank1146,Automatic,1,ok,1230.954,132,2,1,0,0,2305843009213693967:129;2305843009213693973:3,Symbolica_default,cached_powers_Q,50,24,0.614,BalancedZippelSeparated
fire7_nb0_rank1147,Automatic,1,ok,1342.915,129,2,1,0,0,2305843009213693967:126;2305843009213693973:3,Symbolica_default,cached_powers_Q,60,10,0.649,BalancedZippelSeparated
fire7_nb0_rank1148,Automatic,1,ok,1263.714,111,2,1,0,0,2305843009213693967:108;2305843009213693973:3,Symbolica_default,cached_powers_Q,48,20,0.679,BalancedZippelSeparated
fire7_nb0_rank1149,Automatic,1,ok,922.543,159,2,1,0,0,2305843009213693967:156;2305843009213693973:3,Symbolica_default,cached_powers_Q,56,15,0.997,BalancedZippelSeparated
fire7_nb0_rank1150,Automatic,1,ok,971.773,105,2,1,0,0,2305843009213693967:102;2305843009213693973:3,Symbolica_default,cached_powers_Q,36,35,0.834,BalancedZippelSeparated
fire7_nb0_rank1151,Automatic,1,ok,1230.134,152,2,1,0,0,2305843009213693967:149;2305843009213693973:3,Symbolica_default,cached_powers_Q,28,42,0.900,BalancedZippelSeparated
fire7_nb0_rank1152,Automatic,1,ok,1271.254,144,2,1,0,0,2305843009213693967:141;2305843009213693973:3,Symbolica_default,cached_powers_Q,45,27,0.601,BalancedZippelSeparated
fire7_nb0_rank1153,Automatic,1,ok,1270.624,131,2,1,0,0,2305843009213693967:128;2305843009213693973:3,Symbolica_default,cached_powers_Q,45,27,0.604,BalancedZippelSeparated
fire7_nb0_rank1154,Automatic,1,ok,1240.334,158,2,1,0,0,2305843009213693967:155;2305843009213693973:3,Symbolica_default,cached_powers_Q,40,39,0.814,BalancedZippelSeparated
fire7_nb0_rank1155,Automatic,1,ok,1204.244,131,2,1,0,0,2305843009213693967:128;2305843009213693973:3,Symbolica_default,cached_powers_Q,45,27,0.591,BalancedZippelSeparated
fire7_nb0_rank1156,Automatic,1,ok,870.873,104,2,1,0,0,2305843009213693967:101;2305843009213693973:3,Symbolica_default,cached_powers_Q,47,24,0.748,BalancedZippelSeparated
fire7_nb0_rank1157,Automatic,1,ok,782.153,113,2,1,0,0,2305843009213693967:110;2305843009213693973:3,Symbolica_default,cached_powers_Q,36,36,0.561,BalancedZippelSeparated
fire7_nb0_rank1158,Automatic,1,ok,904.943,135,2,1,0,0,2305843009213693967:132;2305843009213693973:3,Symbolica_default,cached_powers_Q,41,36,0.977,BalancedZippelSeparated
fire7_nb0_rank1159,Automatic,1,ok,1157.654,118,2,1,0,0,2305843009213693967:115;2305843009213693973:3,Symbolica_default,cached_powers_Q,54,12,0.843,BalancedZippelSeparated
fire7_nb0_rank1160,Automatic,1,ok,1024.204,140,2,1,0,0,2305843009213693967:137;2305843009213693973:3,Symbolica_default,cached_powers_Q,45,27,0.759,BalancedZippelSeparated
fire7_nb0_rank1161,Automatic,1,ok,1289.884,110,2,1,0,0,2305843009213693967:107;2305843009213693973:3,Symbolica_default,cached_powers_Q,30,36,0.714,BalancedZippelSeparated
fire7_nb0_rank1162,Automatic,1,ok,955.373,104,2,1,0,0,2305843009213693967:101;2305843009213693973:3,Symbolica_default,cached_powers_Q,54,12,0.851,BalancedZippelSeparated
fire7_nb0_rank1163,Automatic,1,ok,1213.844,157,2,1,0,0,2305843009213693967:154;2305843009213693973:3,Symbolica_default,cached_powers_Q,60,12,0.905,BalancedZippelSeparated
fire7_nb0_rank1164,Automatic,1,ok,892.193,136,2,1,0,0,2305843009213693967:133;2305843009213693973:3,Symbolica_default,cached_powers_Q,55,12,0.688,BalancedZippelSeparated
fire7_nb0_rank1165,Automatic,1,ok,1094.904,149,2,1,0,0,2305843009213693967:146;2305843009213693973:3,Symbolica_default,cached_powers_Q,45,24,0.744,BalancedZippelSeparated
fire7_nb0_rank1166,Automatic,1,ok,1156.024,128,2,1,0,0,2305843009213693967:125;2305843009213693973:3,Symbolica_default,cached_powers_Q,35,36,0.889,BalancedZippelSeparated
fire7_nb0_rank1167,Automatic,1,ok,1243.874,121,2,1,0,0,2305843009213693967:118;2305843009213693973:3,Symbolica_default,cached_powers_Q,17,60,0.622,BalancedZippelSeparated
fire7_nb0_rank1168,Automatic,1,ok,933.874,154,2,1,0,0,2305843009213693967:151;2305843009213693973:3,Symbolica_default,cached_powers_Q,58,12,0.818,BalancedZippelSeparated
fire7_nb0_rank1169,Automatic,1,ok,1271.455,109,2,1,0,0,2305843009213693967:106;2305843009213693973:3,Symbolica_default,cached_powers_Q,35,35,0.705,BalancedZippelSeparated
fire7_nb0_rank1170,Automatic,1,ok,1268.875,109,2,1,0,0,2305843009213693967:106;2305843009213693973:3,Symbolica_default,cached_powers_Q,35,35,0.710,BalancedZippelSeparated
fire7_nb0_rank1171,Automatic,1,ok,1300.804,108,2,1,0,0,2305843009213693967:105;2305843009213693973:3,Symbolica_default,cached_powers_Q,30,36,0.736,BalancedZippelSeparated
fire7_nb0_rank1172,Automatic,1,ok,1417.085,130,2,1,0,0,2305843009213693967:127;2305843009213693973:3,Symbolica_default,cached_powers_Q,41,21,0.737,BalancedZippelSeparated
fire7_nb0_rank1173,Automatic,1,ok,1018.573,109,2,1,0,0,2305843009213693967:106;2305843009213693973:3,Symbolica_default,cached_powers_Q,33,35,0.890,BalancedZippelSeparated
fire7_nb0_rank1174,Automatic,1,ok,1152.033,91,2,1,0,0,2305843009213693967:88;2305843009213693973:3,Symbolica_default,cached_powers_Q,35,25,0.631,BalancedZippelSeparated
fire7_nb0_rank1175,Automatic,1,ok,1151.194,91,2,1,0,0,2305843009213693967:88;2305843009213693973:3,Symbolica_default,cached_powers_Q,35,25,0.630,BalancedZippelSeparated
fire7_nb0_rank1176,Automatic,1,ok,1117.893,126,2,1,0,0,2305843009213693967:123;2305843009213693973:3,Symbolica_default,cached_powers_Q,60,4,0.548,BalancedZippelSeparated
fire7_nb0_rank1177,Automatic,1,ok,973.724,105,2,1,0,0,2305843009213693967:102;2305843009213693973:3,Symbolica_default,cached_powers_Q,52,10,0.784,BalancedZippelSeparated
fire7_nb0_rank1178,Automatic,1,ok,1010.513,135,2,1,0,0,2305843009213693967:132;2305843009213693973:3,Symbolica_default,cached_powers_Q,50,21,0.724,BalancedZippelSeparated
fire7_nb0_rank1179,Automatic,1,ok,1047.434,111,2,1,0,0,2305843009213693967:108;2305843009213693973:3,Symbolica_default,cached_powers_Q,54,12,0.845,BalancedZippelSeparated
fire7_nb0_rank1180,Automatic,1,ok,1169.904,103,2,1,0,0,2305843009213693967:100;2305843009213693973:3,Symbolica_default,cached_powers_Q,38,24,0.685,BalancedZippelSeparated
fire7_nb0_rank1181,Automatic,1,ok,1022.453,121,2,1,0,0,2305843009213693967:118;2305843009213693973:3,Symbolica_default,cached_powers_Q,39,27,0.812,BalancedZippelSeparated
fire7_nb0_rank1182,Automatic,1,ok,1296.814,158,2,1,0,0,2305843009213693967:155;2305843009213693973:3,Symbolica_default,cached_powers_Q,44,27,0.599,BalancedZippelSeparated
fire7_nb0_rank1183,Automatic,1,ok,1108.393,158,2,1,0,0,2305843009213693967:155;2305843009213693973:3,Symbolica_default,cached_powers_Q,44,27,0.828,BalancedZippelSeparated
fire7_nb0_rank1184,Automatic,1,ok,884.543,119,2,1,0,0,2305843009213693967:116;2305843009213693973:3,Symbolica_default,cached_powers_Q,55,10,1.032,BalancedZippelSeparated
fire7_nb0_rank1185,Automatic,1,ok,1049.834,108,2,1,0,0,2305843009213693967:105;2305843009213693973:3,Symbolica_default,cached_powers_Q,30,36,0.901,BalancedZippelSeparated
fire7_nb0_rank1186,Automatic,1,ok,1059.503,108,2,1,0,0,2305843009213693967:105;2305843009213693973:3,Symbolica_default,cached_powers_Q,30,36,0.921,BalancedZippelSeparated
fire7_nb0_rank1187,Automatic,1,ok,1036.174,142,2,1,0,0,2305843009213693967:139;2305843009213693973:3,Symbolica_default,cached_powers_Q,52,12,0.830,BalancedZippelSeparated
fire7_nb0_rank1188,Automatic,1,ok,1033.084,124,2,1,0,0,2305843009213693967:121;2305843009213693973:3,Symbolica_default,cached_powers_Q,45,27,0.847,BalancedZippelSeparated
fire7_nb0_rank1189,Automatic,1,ok,1209.435,118,2,1,0,0,2305843009213693967:115;2305843009213693973:3,Symbolica_default,cached_powers_Q,36,36,0.600,BalancedZippelSeparated
fire7_nb0_rank1190,Automatic,1,ok,1263.954,130,2,1,0,0,2305843009213693967:127;2305843009213693973:3,Symbolica_default,cached_powers_Q,50,20,0.705,BalancedZippelSeparated
fire7_nb0_rank1191,Automatic,1,ok,1316.745,135,2,1,0,0,2305843009213693967:132;2305843009213693973:3,Symbolica_default,cached_powers_Q,52,15,0.663,BalancedZippelSeparated
fire7_nb0_rank1192,Automatic,1,ok,1176.684,98,2,1,0,0,2305843009213693967:95;2305843009213693973:3,Symbolica_default,cached_powers_Q,41,24,0.703,BalancedZippelSeparated
fire7_nb0_rank1193,Automatic,1,ok,1441.485,160,2,1,0,0,2305843009213693967:157;2305843009213693973:3,Symbolica_default,cached_powers_Q,45,20,0.819,BalancedZippelSeparated
fire7_nb0_rank1194,Automatic,1,ok,890.773,104,2,1,0,0,2305843009213693967:101;2305843009213693973:3,Symbolica_default,cached_powers_Q,40,28,1.189,BalancedZippelSeparated
fire7_nb0_rank1195,Automatic,1,ok,1097.953,127,2,1,0,0,2305843009213693967:124;2305843009213693973:3,Symbolica_default,cached_powers_Q,45,21,0.873,BalancedZippelSeparated
fire7_nb0_rank1196,Automatic,1,ok,948.764,114,2,1,0,0,2305843009213693967:111;2305843009213693973:3,Symbolica_default,cached_powers_Q,53,12,0.825,BalancedZippelSeparated
fire7_nb0_rank1197,Automatic,1,ok,1078.533,104,2,1,0,0,2305843009213693967:101;2305843009213693973:3,Symbolica_default,cached_powers_Q,48,15,0.558,BalancedZippelSeparated
fire7_nb0_rank1198,Automatic,1,ok,1015.754,150,2,1,0,0,2305843009213693967:147;2305843009213693973:3,Symbolica_default,cached_powers_Q,42,27,0.768,BalancedZippelSeparated
fire7_nb0_rank1199,Automatic,1,ok,882.393,116,2,1,0,0,2305843009213693967:113;2305843009213693973:3,Symbolica_default,cached_powers_Q,30,36,0.859,BalancedZippelSeparated
fire7_nb0_rank1200,Automatic,1,ok,1203.275,119,2,1,0,0,2305843009213693967:116;2305843009213693973:3,Symbolica_default,cached_powers_Q,45,24,0.579,BalancedZippelSeparated
fire7_nb0_rank1201,Automatic,1,ok,1150.614,133,2,1,0,0,2305843009213693967:130;2305843009213693973:3,Symbolica_default,cached_powers_Q,52,15,0.859,BalancedZippelSeparated
fire7_nb0_rank1202,Automatic,1,ok,1326.695,167,2,1,0,0,2305843009213693967:164;2305843009213693973:3,Symbolica_default,cached_powers_Q,50,18,0.802,BalancedZippelSeparated
fire7_nb0_rank1203,Automatic,1,ok,888.263,139,2,1,0,0,2305843009213693967:136;2305843009213693973:3,Symbolica_default,cached_powers_Q,35,39,0.699,BalancedZippelSeparated
fire7_nb0_rank1204,Automatic,1,ok,915.003,135,2,1,0,0,2305843009213693967:132;2305843009213693973:3,Symbolica_default,cached_powers_Q,17,56,0.635,BalancedZippelSeparated
fire7_nb0_rank1205,Automatic,1,ok,1452.625,170,2,1,0,0,2305843009213693967:167;2305843009213693973:3,Symbolica_default,cached_powers_Q,48,20,0.679,BalancedZippelSeparated
fire7_nb0_rank1206,Automatic,1,ok,1116.074,114,2,1,0,0,2305843009213693967:111;2305843009213693973:3,Symbolica_default,cached_powers_Q,30,36,0.943,BalancedZippelSeparated
fire7_nb0_rank1207,Automatic,1,ok,766.132,110,2,1,0,0,2305843009213693967:107;2305843009213693973:3,Symbolica_default,cached_powers_Q,37,32,0.586,BalancedZippelSeparated
fire7_nb0_rank1208,Automatic,1,ok,1196.213,152,2,1,0,0,2305843009213693967:149;2305843009213693973:3,Symbolica_default,cached_powers_Q,56,18,0.830,BalancedZippelSeparated
fire7_nb0_rank1209,Automatic,1,ok,1177.694,111,2,1,0,0,2305843009213693967:108;2305843009213693973:3,Symbolica_default,cached_powers_Q,47,15,0.601,BalancedZippelSeparated
fire7_nb0_rank1210,Automatic,1,ok,1244.055,121,2,1,0,0,2305843009213693967:118;2305843009213693973:3,Symbolica_default,cached_powers_Q,44,21,0.636,BalancedZippelSeparated
fire7_nb0_rank1211,Automatic,1,ok,1119.214,123,2,1,0,0,2305843009213693967:120;2305843009213693973:3,Symbolica_default,cached_powers_Q,18,48,0.879,BalancedZippelSeparated
fire7_nb0_rank1212,Automatic,1,ok,1037.394,107,2,1,0,0,2305843009213693967:104;2305843009213693973:3,Symbolica_default,cached_powers_Q,36,28,0.886,BalancedZippelSeparated
fire7_nb0_rank1213,Automatic,1,ok,970.404,130,2,1,0,0,2305843009213693967:127;2305843009213693973:3,Symbolica_default,cached_powers_Q,50,15,0.761,BalancedZippelSeparated
fire7_nb0_rank1214,Automatic,1,ok,982.494,118,2,1,0,0,2305843009213693967:115;2305843009213693973:3,Symbolica_default,cached_powers_Q,45,15,0.780,BalancedZippelSeparated
fire7_nb0_rank1215,Automatic,1,ok,1417.665,197,2,1,0,0,2305843009213693967:194;2305843009213693973:3,Symbolica_default,cached_powers_Q,40,30,0.891,BalancedZippelSeparated
fire7_nb0_rank1216,Automatic,1,ok,1003.294,100,2,1,0,0,2305843009213693967:97;2305843009213693973:3,Symbolica_default,cached_powers_Q,40,20,0.882,BalancedZippelSeparated
fire7_nb0_rank1217,Automatic,1,ok,1076.504,129,2,1,0,0,2305843009213693967:126;2305843009213693973:3,Symbolica_default,cached_powers_Q,52,12,0.642,BalancedZippelSeparated
fire7_nb0_rank1218,Automatic,1,ok,1214.444,121,2,1,0,0,2305843009213693967:118;2305843009213693973:3,Symbolica_default,cached_powers_Q,45,21,0.636,BalancedZippelSeparated
fire7_nb0_rank1219,Automatic,1,ok,717.913,108,2,1,0,0,2305843009213693967:105;2305843009213693973:3,Symbolica_default,cached_powers_Q,54,8,0.966,BalancedZippelSeparated
fire7_nb0_rank1220,Automatic,1,ok,1010.543,114,2,1,0,0,2305843009213693967:111;2305843009213693973:3,Symbolica_default,cached_powers_Q,45,20,0.865,BalancedZippelSeparated
fire7_nb0_rank1221,Automatic,1,ok,1039.583,108,2,1,0,0,2305843009213693967:105;2305843009213693973:3,Symbolica_default,cached_powers_Q,53,12,0.744,BalancedZippelSeparated
fire7_nb0_rank1222,Automatic,1,ok,1112.574,127,2,1,0,0,2305843009213693967:124;2305843009213693973:3,Symbolica_default,cached_powers_Q,45,21,0.857,BalancedZippelSeparated
fire7_nb0_rank1223,Automatic,1,ok,923.343,121,2,1,0,0,2305843009213693967:118;2305843009213693973:3,Symbolica_default,cached_powers_Q,45,21,1.049,BalancedZippelSeparated
fire7_nb0_rank1224,Automatic,1,ok,1026.213,108,2,1,0,0,2305843009213693967:105;2305843009213693973:3,Symbolica_default,cached_powers_Q,29,36,0.876,BalancedZippelSeparated
fire7_nb0_rank1225,Automatic,1,ok,1195.444,110,2,1,0,0,2305843009213693967:107;2305843009213693973:3,Symbolica_default,cached_powers_Q,30,36,0.678,BalancedZippelSeparated
fire7_nb0_rank1226,Automatic,1,ok,1095.683,112,2,1,0,0,2305843009213693967:109;2305843009213693973:3,Symbolica_default,cached_powers_Q,30,36,0.902,BalancedZippelSeparated
fire7_nb0_rank1227,Automatic,1,ok,1105.803,110,2,1,0,0,2305843009213693967:107;2305843009213693973:3,Symbolica_default,cached_powers_Q,30,36,0.969,BalancedZippelSeparated
fire7_nb0_rank1228,Automatic,1,ok,1063.684,120,2,1,0,0,2305843009213693967:117;2305843009213693973:3,Symbolica_default,cached_powers_Q,36,27,0.581,BalancedZippelSeparated
fire7_nb0_rank1229,Automatic,1,ok,751.852,115,2,1,0,0,2305843009213693967:112;2305843009213693973:3,Symbolica_default,cached_powers_Q,36,27,0.692,BalancedZippelSeparated
fire7_nb0_rank1230,Automatic,1,ok,947.544,120,2,1,0,0,2305843009213693967:117;2305843009213693973:3,Symbolica_default,cached_powers_Q,36,27,0.741,BalancedZippelSeparated
fire7_nb0_rank1231,Automatic,1,ok,924.894,115,2,1,0,0,2305843009213693967:112;2305843009213693973:3,Symbolica_default,cached_powers_Q,36,27,0.799,BalancedZippelSeparated
fire7_nb0_rank1232,Automatic,1,ok,681.082,89,2,1,0,0,2305843009213693967:86;2305843009213693973:3,Symbolica_default,cached_powers_Q,35,18,1.016,BalancedZippelSeparated
fire7_nb0_rank1233,Automatic,1,ok,1106.213,97,2,1,0,0,2305843009213693967:94;2305843009213693973:3,Symbolica_default,cached_powers_Q,45,12,0.561,BalancedZippelSeparated
fire7_nb0_rank1234,Automatic,1,ok,1033.224,121,2,1,0,0,2305843009213693967:118;2305843009213693973:3,Symbolica_default,cached_powers_Q,48,16,0.909,BalancedZippelSeparated
fire7_nb0_rank1235,Automatic,1,ok,927.363,120,2,1,0,0,2305843009213693967:117;2305843009213693973:3,Symbolica_default,cached_powers_Q,40,21,1.148,BalancedZippelSeparated
fire7_nb0_rank1236,Automatic,1,ok,871.313,121,2,1,0,0,2305843009213693967:118;2305843009213693973:3,Symbolica_default,cached_powers_Q,16,48,1.057,BalancedZippelSeparated
fire7_nb0_rank1237,Automatic,1,ok,1001.324,121,2,1,0,0,2305843009213693967:118;2305843009213693973:3,Symbolica_default,cached_powers_Q,16,48,0.796,BalancedZippelSeparated
fire7_nb0_rank1238,Automatic,1,ok,900.963,115,2,1,0,0,2305843009213693967:112;2305843009213693973:3,Symbolica_default,cached_powers_Q,45,21,1.073,BalancedZippelSeparated
fire7_nb0_rank1239,Automatic,1,ok,1157.574,121,2,1,0,0,2305843009213693967:118;2305843009213693973:3,Symbolica_default,cached_powers_Q,45,18,0.620,BalancedZippelSeparated
fire7_nb0_rank1240,Automatic,1,ok,1357.174,114,2,1,0,0,2305843009213693967:111;2305843009213693973:3,Symbolica_default,cached_powers_Q,30,36,0.747,BalancedZippelSeparated
fire7_nb0_rank1241,Automatic,1,ok,1043.264,145,2,1,0,0,2305843009213693967:142;2305843009213693973:3,Symbolica_default,cached_powers_Q,52,10,0.820,BalancedZippelSeparated
fire7_nb0_rank1242,Automatic,1,ok,805.653,132,2,1,0,0,2305843009213693967:129;2305843009213693973:3,Symbolica_default,cached_powers_Q,45,18,1.054,BalancedZippelSeparated
fire7_nb0_rank1243,Automatic,1,ok,938.723,107,2,1,0,0,2305843009213693967:104;2305843009213693973:3,Symbolica_default,cached_powers_Q,45,12,0.746,BalancedZippelSeparated
fire7_nb0_rank1244,Automatic,1,ok,1132.604,142,2,1,0,0,2305843009213693967:139;2305843009213693973:3,Symbolica_default,cached_powers_Q,52,14,0.831,BalancedZippelSeparated
fire7_nb0_rank1245,Automatic,1,ok,1177.434,159,2,1,0,0,2305843009213693967:156;2305843009213693973:3,Symbolica_default,cached_powers_Q,41,26,0.861,BalancedZippelSeparated
fire7_nb0_rank1246,Automatic,1,ok,981.653,127,2,1,0,0,2305843009213693967:124;2305843009213693973:3,Symbolica_default,cached_powers_Q,45,18,0.879,BalancedZippelSeparated
fire7_nb0_rank1247,Automatic,1,ok,891.163,119,2,1,0,0,2305843009213693967:116;2305843009213693973:3,Symbolica_default,cached_powers_Q,48,18,1.042,BalancedZippelSeparated
fire7_nb0_rank1248,Automatic,1,ok,1027.514,160,2,1,0,0,2305843009213693967:157;2305843009213693973:3,Symbolica_default,cached_powers_Q,46,18,1.045,BalancedZippelSeparated
fire7_nb0_rank1249,Automatic,1,ok,841.292,139,2,1,0,0,2305843009213693967:136;2305843009213693973:3,Symbolica_default,cached_powers_Q,52,8,0.961,BalancedZippelSeparated
fire7_nb0_rank1250,Automatic,1,ok,1140.593,102,2,1,0,0,2305843009213693967:99;2305843009213693973:3,Symbolica_default,cached_powers_Q,42,15,0.600,BalancedZippelSeparated
fire7_nb0_rank1251,Automatic,1,ok,1476.945,167,2,1,0,0,2305843009213693967:164;2305843009213693973:3,Symbolica_default,cached_powers_Q,54,16,0.696,BalancedZippelSeparated
fire7_nb0_rank1252,Automatic,1,ok,1307.084,167,2,1,0,0,2305843009213693967:164;2305843009213693973:3,Symbolica_default,cached_powers_Q,44,24,0.878,BalancedZippelSeparated
fire7_nb0_rank1253,Automatic,1,ok,953.233,132,2,1,0,0,2305843009213693967:129;2305843009213693973:3,Symbolica_default,cached_powers_Q,40,27,0.705,BalancedZippelSeparated
fire7_nb0_rank1254,Automatic,1,ok,1163.414,107,2,1,0,0,2305843009213693967:104;2305843009213693973:3,Symbolica_default,cached_powers_Q,36,28,0.623,BalancedZippelSeparated
fire7_nb0_rank1255,Automatic,1,ok,1201.764,106,2,1,0,0,2305843009213693967:103;2305843009213693973:3,Symbolica_default,cached_powers_Q,24,36,0.666,BalancedZippelSeparated
fire7_nb0_rank1256,Automatic,1,ok,998.994,106,2,1,0,0,2305843009213693967:103;2305843009213693973:3,Symbolica_default,cached_powers_Q,24,36,0.866,BalancedZippelSeparated
fire7_nb0_rank1257,Automatic,1,ok,1237.595,149,2,1,0,0,2305843009213693967:146;2305843009213693973:3,Symbolica_default,cached_powers_Q,51,14,0.859,BalancedZippelSeparated
fire7_nb0_rank1258,Automatic,1,ok,1121.564,153,2,1,0,0,2305843009213693967:150;2305843009213693973:3,Symbolica_default,cached_powers_Q,51,14,0.846,BalancedZippelSeparated
fire7_nb0_rank1259,Automatic,1,ok,818.553,112,2,1,0,0,2305843009213693967:109;2305843009213693973:3,Symbolica_default,cached_powers_Q,54,4,0.526,BalancedZippelSeparated
fire7_nb0_rank1260,Automatic,1,ok,991.453,114,2,1,0,0,2305843009213693967:111;2305843009213693973:3,Symbolica_default,cached_powers_Q,45,15,0.712,BalancedZippelSeparated
fire7_nb0_rank1261,Automatic,1,ok,1262.394,138,2,1,0,0,2305843009213693967:135;2305843009213693973:3,Symbolica_default,cached_powers_Q,48,21,0.698,BalancedZippelSeparated
fire7_nb0_rank1262,Automatic,1,ok,929.193,102,2,1,0,0,2305843009213693967:99;2305843009213693973:3,Symbolica_default,cached_powers_Q,47,12,0.560,BalancedZippelSeparated
fire7_nb0_rank1263,Automatic,1,ok,877.354,133,2,1,0,0,2305843009213693967:130;2305843009213693973:3,Symbolica_default,cached_powers_Q,52,10,1.012,BalancedZippelSeparated
fire7_nb0_rank1264,Automatic,1,ok,925.584,138,2,1,0,0,2305843009213693967:135;2305843009213693973:3,Symbolica_default,cached_powers_Q,36,30,0.694,BalancedZippelSeparated
fire7_nb0_rank1265,Automatic,1,ok,1104.584,116,2,1,0,0,2305843009213693967:113;2305843009213693973:3,Symbolica_default,cached_powers_Q,45,18,0.817,BalancedZippelSeparated
fire7_nb0_rank1266,Automatic,1,ok,1051.284,99,2,1,0,0,2305843009213693967:96;2305843009213693973:3,Symbolica_default,cached_powers_Q,39,12,0.599,BalancedZippelSeparated
fire7_nb0_rank1267,Automatic,1,ok,1177.804,152,2,1,0,0,2305843009213693967:149;2305843009213693973:3,Symbolica_default,cached_powers_Q,44,18,0.817,BalancedZippelSeparated
fire7_nb0_rank1268,Automatic,1,ok,789.113,86,2,1,0,0,2305843009213693967:83;2305843009213693973:3,Symbolica_default,cached_powers_Q,28,24,0.722,BalancedZippelSeparated
fire7_nb0_rank1269,Automatic,1,ok,813.553,86,2,1,0,0,2305843009213693967:83;2305843009213693973:3,Symbolica_default,cached_powers_Q,28,24,0.723,BalancedZippelSeparated
fire7_nb0_rank1270,Automatic,1,ok,788.092,105,2,1,0,0,2305843009213693967:102;2305843009213693973:3,Symbolica_default,cached_powers_Q,40,21,0.718,BalancedZippelSeparated
fire7_nb0_rank1271,Automatic,1,ok,903.673,103,2,1,0,0,2305843009213693967:100;2305843009213693973:3,Symbolica_default,cached_powers_Q,42,12,0.831,BalancedZippelSeparated
fire7_nb0_rank1272,Automatic,1,ok,1189.745,148,2,1,0,0,2305843009213693967:145;2305843009213693973:3,Symbolica_default,cached_powers_Q,52,14,0.838,BalancedZippelSeparated
fire7_nb0_rank1273,Automatic,1,ok,1315.014,126,2,1,0,0,2305843009213693967:123;2305843009213693973:3,Symbolica_default,cached_powers_Q,42,21,0.644,BalancedZippelSeparated
fire7_nb0_rank1274,Automatic,1,ok,1081.424,174,2,1,0,0,2305843009213693967:171;2305843009213693973:3,Symbolica_default,cached_powers_Q,43,24,0.696,BalancedZippelSeparated
fire7_nb0_rank1275,Automatic,1,ok,1289.774,174,2,1,0,0,2305843009213693967:171;2305843009213693973:3,Symbolica_default,cached_powers_Q,43,24,0.820,BalancedZippelSeparated
fire7_nb0_rank1276,Automatic,1,ok,1312.775,167,2,1,0,0,2305843009213693967:164;2305843009213693973:3,Symbolica_default,cached_powers_Q,44,24,0.855,BalancedZippelSeparated
fire7_nb0_rank1277,Automatic,1,ok,1433.025,145,2,1,0,0,2305843009213693967:142;2305843009213693973:3,Symbolica_default,cached_powers_Q,44,24,0.671,BalancedZippelSeparated
fire7_nb0_rank1278,Automatic,1,ok,900.983,138,2,1,0,0,2305843009213693967:135;2305843009213693973:3,Symbolica_default,cached_powers_Q,44,18,0.977,BalancedZippelSeparated
fire7_nb0_rank1279,Automatic,1,ok,989.604,112,2,1,0,0,2305843009213693967:109;2305843009213693973:3,Symbolica_default,cached_powers_Q,45,15,0.830,BalancedZippelSeparated
fire7_nb0_rank1280,Automatic,1,ok,968.223,106,2,1,0,0,2305843009213693967:103;2305843009213693973:3,Symbolica_default,cached_powers_Q,40,18,0.852,BalancedZippelSeparated
fire7_nb0_rank1281,Automatic,1,ok,1380.385,159,2,1,0,0,2305843009213693967:156;2305843009213693973:3,Symbolica_default,cached_powers_Q,42,26,0.733,BalancedZippelSeparated
fire7_nb0_rank1282,Automatic,1,ok,1026.933,115,2,1,0,0,2305843009213693967:112;2305843009213693973:3,Symbolica_default,cached_powers_Q,21,40,0.776,BalancedZippelSeparated
fire7_nb0_rank1283,Automatic,1,ok,3776.883,135,2,1,0,0,2305843009213693967:132;2305843009213693973:3,Symbolica_default,cached_powers_Q,6,60,0.750,BalancedZippelSeparated
fire7_nb0_rank1284,Automatic,1,ok,828.803,150,2,1,0,0,2305843009213693967:147;2305843009213693973:3,Symbolica_default,cached_powers_Q,56,8,0.614,BalancedZippelSeparated
fire7_nb0_rank1285,Automatic,1,ok,985.474,126,2,1,0,0,2305843009213693967:123;2305843009213693973:3,Symbolica_default,cached_powers_Q,40,20,0.779,BalancedZippelSeparated
fire7_nb0_rank1286,Automatic,1,ok,898.634,96,2,1,0,0,2305843009213693967:93;2305843009213693973:3,Symbolica_default,cached_powers_Q,41,15,0.846,BalancedZippelSeparated
fire7_nb0_rank1287,Automatic,1,ok,1178.754,138,2,1,0,0,2305843009213693967:135;2305843009213693973:3,Symbolica_default,cached_powers_Q,36,27,0.563,BalancedZippelSeparated
fire7_nb0_rank1288,Automatic,1,ok,949.183,101,2,1,0,0,2305843009213693967:98;2305843009213693973:3,Symbolica_default,cached_powers_Q,30,28,0.883,BalancedZippelSeparated
fire7_nb0_rank1289,Automatic,1,ok,1212.354,93,2,1,0,0,2305843009213693967:90;2305843009213693973:3,Symbolica_default,cached_powers_Q,30,28,0.684,BalancedZippelSeparated
fire7_nb0_rank1290,Automatic,1,ok,1062.924,138,2,1,0,0,2305843009213693967:135;2305843009213693973:3,Symbolica_default,cached_powers_Q,43,18,0.862,BalancedZippelSeparated
fire7_nb0_rank1291,Automatic,1,ok,713.292,110,2,1,0,0,2305843009213693967:107;2305843009213693973:3,Symbolica_default,cached_powers_Q,45,8,0.781,BalancedZippelSeparated
fire7_nb0_rank1292,Automatic,1,ok,930.243,110,2,1,0,0,2305843009213693967:107;2305843009213693973:3,Symbolica_default,cached_powers_Q,39,24,0.565,BalancedZippelSeparated
fire7_nb0_rank1293,Automatic,1,ok,1007.964,133,2,1,0,0,2305843009213693967:130;2305843009213693973:3,Symbolica_default,cached_powers_Q,30,36,0.734,BalancedZippelSeparated
fire7_nb0_rank1294,Automatic,1,ok,959.154,112,2,1,0,0,2305843009213693967:109;2305843009213693973:3,Symbolica_default,cached_powers_Q,45,15,0.786,BalancedZippelSeparated
fire7_nb0_rank1295,Automatic,1,ok,1010.584,168,2,1,0,0,2305843009213693967:165;2305843009213693973:3,Symbolica_default,cached_powers_Q,42,26,1.108,BalancedZippelSeparated
fire7_nb0_rank1296,Automatic,1,ok,1155.903,95,2,1,0,0,2305843009213693967:92;2305843009213693973:3,Symbolica_default,cached_powers_Q,36,15,0.583,BalancedZippelSeparated
fire7_nb0_rank1297,Automatic,1,ok,1035.534,138,2,1,0,0,2305843009213693967:135;2305843009213693973:3,Symbolica_default,cached_powers_Q,36,27,0.796,BalancedZippelSeparated
fire7_nb0_rank1298,Automatic,1,ok,787.422,112,2,1,0,0,2305843009213693967:109;2305843009213693973:3,Symbolica_default,cached_powers_Q,45,15,0.625,BalancedZippelSeparated
fire7_nb0_rank1299,Automatic,1,ok,1037.654,121,2,1,0,0,2305843009213693967:118;2305843009213693973:3,Symbolica_default,cached_powers_Q,45,15,0.843,BalancedZippelSeparated
fire7_nb0_rank1300,Automatic,1,ok,1079.254,136,2,1,0,0,2305843009213693967:133;2305843009213693973:3,Symbolica_default,cached_powers_Q,28,36,0.716,BalancedZippelSeparated
fire7_nb0_rank1301,Automatic,1,ok,1157.484,153,2,1,0,0,2305843009213693967:150;2305843009213693973:3,Symbolica_default,cached_powers_Q,39,26,0.875,BalancedZippelSeparated
fire7_nb0_rank1302,Automatic,1,ok,848.733,101,2,1,0,0,2305843009213693967:98;2305843009213693973:3,Symbolica_default,cached_powers_Q,42,12,0.584,BalancedZippelSeparated
fire7_nb0_rank1303,Automatic,1,ok,1094.574,123,2,1,0,0,2305843009213693967:120;2305843009213693973:3,Symbolica_default,cached_powers_Q,40,18,0.872,BalancedZippelSeparated
fire7_nb0_rank1304,Automatic,1,ok,933.304,138,2,1,0,0,2305843009213693967:135;2305843009213693973:3,Symbolica_default,cached_powers_Q,36,27,0.729,BalancedZippelSeparated
fire7_nb0_rank1305,Automatic,1,ok,869.483,123,2,1,0,0,2305843009213693967:120;2305843009213693973:3,Symbolica_default,cached_powers_Q,40,18,0.630,BalancedZippelSeparated
fire7_nb0_rank1306,Automatic,1,ok,1067.424,131,2,1,0,0,2305843009213693967:128;2305843009213693973:3,Symbolica_default,cached_powers_Q,40,18,0.823,BalancedZippelSeparated
fire7_nb0_rank1307,Automatic,1,ok,1035.024,84,2,1,0,0,2305843009213693967:81;2305843009213693973:3,Symbolica_default,cached_powers_Q,27,25,0.629,BalancedZippelSeparated
fire7_nb0_rank1308,Automatic,1,ok,893.093,121,2,1,0,0,2305843009213693967:118;2305843009213693973:3,Symbolica_default,cached_powers_Q,40,18,0.636,BalancedZippelSeparated
fire7_nb0_rank1309,Automatic,1,ok,997.903,123,2,1,0,0,2305843009213693967:120;2305843009213693973:3,Symbolica_default,cached_powers_Q,36,24,0.821,BalancedZippelSeparated
fire7_nb0_rank1310,Automatic,1,ok,1096.124,128,2,1,0,0,2305843009213693967:125;2305843009213693973:3,Symbolica_default,cached_powers_Q,36,27,0.736,BalancedZippelSeparated
fire7_nb0_rank1311,Automatic,1,ok,1003.924,107,2,1,0,0,2305843009213693967:104;2305843009213693973:3,Symbolica_default,cached_powers_Q,42,15,0.621,BalancedZippelSeparated
fire7_nb0_rank1312,Automatic,1,ok,968.893,115,2,1,0,0,2305843009213693967:112;2305843009213693973:3,Symbolica_default,cached_powers_Q,50,6,0.705,BalancedZippelSeparated
fire7_nb0_rank1313,Automatic,1,ok,1228.354,128,2,1,0,0,2305843009213693967:125;2305843009213693973:3,Symbolica_default,cached_powers_Q,36,27,0.584,BalancedZippelSeparated
fire7_nb0_rank1314,Automatic,1,ok,1028.983,128,2,1,0,0,2305843009213693967:125;2305843009213693973:3,Symbolica_default,cached_powers_Q,40,20,0.862,BalancedZippelSeparated
fire7_nb0_rank1315,Automatic,1,ok,931.003,97,2,1,0,0,2305843009213693967:94;2305843009213693973:3,Symbolica_default,cached_powers_Q,18,45,0.588,BalancedZippelSeparated
fire7_nb0_rank1316,Automatic,1,ok,1013.663,121,2,1,0,0,2305843009213693967:118;2305843009213693973:3,Symbolica_default,cached_powers_Q,29,36,0.759,BalancedZippelSeparated
fire7_nb0_rank1317,Automatic,1,ok,1056.984,98,2,1,0,0,2305843009213693967:95;2305843009213693973:3,Symbolica_default,cached_powers_Q,45,12,0.598,BalancedZippelSeparated
fire7_nb0_rank1318,Automatic,1,ok,1320.455,133,2,1,0,0,2305843009213693967:130;2305843009213693973:3,Symbolica_default,cached_powers_Q,44,14,0.595,BalancedZippelSeparated
fire7_nb0_rank1319,Automatic,1,ok,1003.644,120,2,1,0,0,2305843009213693967:117;2305843009213693973:3,Symbolica_default,cached_powers_Q,36,27,0.778,BalancedZippelSeparated
fire7_nb0_rank1320,Automatic,1,ok,877.083,103,2,1,0,0,2305843009213693967:100;2305843009213693973:3,Symbolica_default,cached_powers_Q,18,36,0.632,BalancedZippelSeparated
fire7_nb0_rank1321,Automatic,1,ok,1219.804,145,2,1,0,0,2305843009213693967:142;2305843009213693973:3,Symbolica_default,cached_powers_Q,40,24,0.841,BalancedZippelSeparated
fire7_nb0_rank1322,Automatic,1,ok,1142.753,155,2,1,0,0,2305843009213693967:152;2305843009213693973:3,Symbolica_default,cached_powers_Q,40,24,0.894,BalancedZippelSeparated
fire7_nb0_rank1323,Automatic,1,ok,912.203,132,2,1,0,0,2305843009213693967:129;2305843009213693973:3,Symbolica_default,cached_powers_Q,36,27,0.752,BalancedZippelSeparated
fire7_nb0_rank1324,Automatic,1,ok,972.214,114,2,1,0,0,2305843009213693967:111;2305843009213693973:3,Symbolica_default,cached_powers_Q,40,20,0.794,BalancedZippelSeparated
fire7_nb0_rank1325,Automatic,1,ok,980.794,124,2,1,0,0,2305843009213693967:121;2305843009213693973:3,Symbolica_default,cached_powers_Q,36,27,0.754,BalancedZippelSeparated
fire7_nb0_rank1326,Automatic,1,ok,1170.974,161,2,1,0,0,2305843009213693967:158;2305843009213693973:3,Symbolica_default,cached_powers_Q,48,10,0.818,BalancedZippelSeparated
fire7_nb0_rank1327,Automatic,1,ok,1007.074,119,2,1,0,0,2305843009213693967:116;2305843009213693973:3,Symbolica_default,cached_powers_Q,47,9,0.783,BalancedZippelSeparated
fire7_nb0_rank1328,Automatic,1,ok,935.793,100,2,1,0,0,2305843009213693967:97;2305843009213693973:3,Symbolica_default,cached_powers_Q,35,24,0.843,BalancedZippelSeparated
fire7_nb0_rank1329,Automatic,1,ok,970.254,115,2,1,0,0,2305843009213693967:112;2305843009213693973:3,Symbolica_default,cached_powers_Q,45,12,0.755,BalancedZippelSeparated
fire7_nb0_rank1330,Automatic,1,ok,1066.174,108,2,1,0,0,2305843009213693967:105;2305843009213693973:3,Symbolica_default,cached_powers_Q,32,21,0.876,BalancedZippelSeparated
fire7_nb0_rank1331,Automatic,1,ok,1053.004,108,2,1,0,0,2305843009213693967:105;2305843009213693973:3,Symbolica_default,cached_powers_Q,32,21,0.862,BalancedZippelSeparated
fire7_nb0_rank1332,Automatic,1,ok,1009.674,112,2,1,0,0,2305843009213693967:109;2305843009213693973:3,Symbolica_default,cached_powers_Q,30,24,0.860,BalancedZippelSeparated
fire7_nb0_rank1333,Automatic,1,ok,829.603,94,2,1,0,0,2305843009213693967:91;2305843009213693973:3,Symbolica_default,cached_powers_Q,42,12,0.947,BalancedZippelSeparated
fire7_nb0_rank1334,Automatic,1,ok,891.033,95,2,1,0,0,2305843009213693967:92;2305843009213693973:3,Symbolica_default,cached_powers_Q,30,20,0.580,BalancedZippelSeparated
fire7_nb0_rank1335,Automatic,1,ok,729.513,95,2,1,0,0,2305843009213693967:92;2305843009213693973:3,Symbolica_default,cached_powers_Q,45,12,0.745,BalancedZippelSeparated
fire7_nb0_rank1336,Automatic,1,ok,891.233,90,2,1,0,0,2305843009213693967:87;2305843009213693973:3,Symbolica_default,cached_powers_Q,45,12,0.739,BalancedZippelSeparated
fire7_nb0_rank1337,Automatic,1,ok,988.733,112,2,1,0,0,2305843009213693967:109;2305843009213693973:3,Symbolica_default,cached_powers_Q,45,10,0.877,BalancedZippelSeparated
fire7_nb0_rank1338,Automatic,1,ok,1176.874,155,2,1,0,0,2305843009213693967:152;2305843009213693973:3,Symbolica_default,cached_powers_Q,48,14,0.867,BalancedZippelSeparated
fire7_nb0_rank1339,Automatic,1,ok,864.443,93,2,1,0,0,2305843009213693967:90;2305843009213693973:3,Symbolica_default,cached_powers_Q,42,10,0.780,BalancedZippelSeparated
fire7_nb0_rank1340,Automatic,1,ok,890.953,94,2,1,0,0,2305843009213693967:91;2305843009213693973:3,Symbolica_default,cached_powers_Q,40,10,0.578,BalancedZippelSeparated
fire7_nb0_rank1341,Automatic,1,ok,743.503,88,2,1,0,0,2305843009213693967:85;2305843009213693973:3,Symbolica_default,cached_powers_Q,24,28,1.056,BalancedZippelSeparated
fire7_nb0_rank1342,Automatic,1,ok,762.973,126,2,1,0,0,2305843009213693967:123;2305843009213693973:3,Symbolica_default,cached_powers_Q,36,27,0.743,BalancedZippelSeparated
fire7_nb0_rank1343,Automatic,1,ok,899.294,93,2,1,0,0,2305843009213693967:90;2305843009213693973:3,Symbolica_default,cached_powers_Q,40,10,0.570,BalancedZippelSeparated
fire7_nb0_rank1344,Automatic,1,ok,1473.105,177,2,1,0,0,2305843009213693967:174;2305843009213693973:3,Symbolica_default,cached_powers_Q,38,24,0.688,BalancedZippelSeparated
fire7_nb0_rank1345,Automatic,1,ok,953.943,98,2,1,0,0,2305843009213693967:95;2305843009213693973:3,Symbolica_default,cached_powers_Q,40,15,0.607,BalancedZippelSeparated
fire7_nb0_rank1346,Automatic,1,ok,1275.664,110,2,1,0,0,2305843009213693967:107;2305843009213693973:3,Symbolica_default,cached_powers_Q,25,36,0.675,BalancedZippelSeparated
fire7_nb0_rank1347,Automatic,1,ok,1063.243,99,2,1,0,0,2305843009213693967:96;2305843009213693973:3,Symbolica_default,cached_powers_Q,18,36,0.547,BalancedZippelSeparated
fire7_nb0_rank1348,Automatic,1,ok,1311.415,115,2,1,0,0,2305843009213693967:112;2305843009213693973:3,Symbolica_default,cached_powers_Q,37,18,0.596,BalancedZippelSeparated
fire7_nb0_rank1349,Automatic,1,ok,1215.824,164,2,1,0,0,2305843009213693967:161;2305843009213693973:3,Symbolica_default,cached_powers_Q,40,24,1.132,BalancedZippelSeparated
fire7_nb0_rank1350,Automatic,1,ok,1440.195,140,2,1,0,0,2305843009213693967:137;2305843009213693973:3,Symbolica_default,cached_powers_Q,36,20,0.628,BalancedZippelSeparated
fire7_nb0_rank1351,Automatic,1,ok,968.913,104,2,1,0,0,2305843009213693967:101;2305843009213693973:3,Symbolica_default,cached_powers_Q,44,12,0.807,BalancedZippelSeparated
fire7_nb0_rank1352,Automatic,1,ok,915.584,107,2,1,0,0,2305843009213693967:104;2305843009213693973:3,Symbolica_default,cached_powers_Q,40,15,0.749,BalancedZippelSeparated
fire7_nb0_rank1353,Automatic,1,ok,840.853,83,2,1,0,0,2305843009213693967:80;2305843009213693973:3,Symbolica_default,cached_powers_Q,28,18,0.739,BalancedZippelSeparated
fire7_nb0_rank1354,Automatic,1,ok,1033.763,83,2,1,0,0,2305843009213693967:80;2305843009213693973:3,Symbolica_default,cached_powers_Q,28,18,0.545,BalancedZippelSeparated
fire7_nb0_rank1355,Automatic,1,ok,1159.034,97,2,1,0,0,2305843009213693967:94;2305843009213693973:3,Symbolica_default,cached_powers_Q,40,15,0.638,BalancedZippelSeparated
fire7_nb0_rank1356,Automatic,1,ok,1202.894,147,2,1,0,0,2305843009213693967:144;2305843009213693973:3,Symbolica_default,cached_powers_Q,50,8,0.860,BalancedZippelSeparated
fire7_nb0_rank1357,Automatic,1,ok,1107.284,140,2,1,0,0,2305843009213693967:137;2305843009213693973:3,Symbolica_default,cached_powers_Q,42,14,0.758,BalancedZippelSeparated
fire7_nb0_rank1358,Automatic,1,ok,917.013,118,2,1,0,0,2305843009213693967:115;2305843009213693973:3,Symbolica_default,cached_powers_Q,35,27,0.699,BalancedZippelSeparated
fire7_nb0_rank1359,Automatic,1,ok,764.702,110,2,1,0,0,2305843009213693967:107;2305843009213693973:3,Symbolica_default,cached_powers_Q,25,36,0.637,BalancedZippelSeparated
fire7_nb0_rank1360,Automatic,1,ok,975.384,110,2,1,0,0,2305843009213693967:107;2305843009213693973:3,Symbolica_default,cached_powers_Q,25,36,0.816,BalancedZippelSeparated
fire7_nb0_rank1361,Automatic,1,ok,1022.404,111,2,1,0,0,2305843009213693967:108;2305843009213693973:3,Symbolica_default,cached_powers_Q,36,21,0.904,BalancedZippelSeparated
fire7_nb0_rank1362,Automatic,1,ok,978.994,110,2,1,0,0,2305843009213693967:107;2305843009213693973:3,Symbolica_default,cached_powers_Q,25,36,0.839,BalancedZippelSeparated
fire7_nb0_rank1363,Automatic,1,ok,1145.064,146,2,1,0,0,2305843009213693967:143;2305843009213693973:3,Symbolica_default,cached_powers_Q,36,20,0.818,BalancedZippelSeparated
fire7_nb0_rank1364,Automatic,1,ok,961.753,104,2,1,0,0,2305843009213693967:101;2305843009213693973:3,Symbolica_default,cached_powers_Q,5,56,0.663,BalancedZippelSeparated
fire7_nb0_rank1365,Automatic,1,ok,909.613,103,2,1,0,0,2305843009213693967:100;2305843009213693973:3,Symbolica_default,cached_powers_Q,5,56,0.753,BalancedZippelSeparated
fire7_nb0_rank1366,Automatic,1,ok,964.783,110,2,1,0,0,2305843009213693967:107;2305843009213693973:3,Symbolica_default,cached_powers_Q,25,36,0.821,BalancedZippelSeparated
fire7_nb0_rank1367,Automatic,1,ok,1032.923,105,2,1,0,0,2305843009213693967:102;2305843009213693973:3,Symbolica_default,cached_powers_Q,35,18,0.781,BalancedZippelSeparated
fire7_nb0_rank1368,Automatic,1,ok,832.302,86,2,1,0,0,2305843009213693967:83;2305843009213693973:3,Symbolica_default,cached_powers_Q,38,12,0.773,BalancedZippelSeparated
fire7_nb0_rank1369,Automatic,1,ok,856.533,88,2,1,0,0,2305843009213693967:85;2305843009213693973:3,Symbolica_default,cached_powers_Q,18,35,0.818,BalancedZippelSeparated
fire7_nb0_rank1370,Automatic,1,ok,1023.964,121,2,1,0,0,2305843009213693967:118;2305843009213693973:3,Symbolica_default,cached_powers_Q,32,27,0.773,BalancedZippelSeparated
fire7_nb0_rank1371,Automatic,1,ok,949.434,99,2,1,0,0,2305843009213693967:96;2305843009213693973:3,Symbolica_default,cached_powers_Q,18,36,0.545,BalancedZippelSeparated
fire7_nb0_rank1372,Automatic,1,ok,1098.694,99,2,1,0,0,2305843009213693967:96;2305843009213693973:3,Symbolica_default,cached_powers_Q,30,28,0.610,BalancedZippelSeparated
fire7_nb0_rank1373,Automatic,1,ok,914.774,106,2,1,0,0,2305843009213693967:103;2305843009213693973:3,Symbolica_default,cached_powers_Q,45,10,0.755,BalancedZippelSeparated
fire7_nb0_rank1374,Automatic,1,ok,1159.655,149,2,1,0,0,2305843009213693967:146;2305843009213693973:3,Symbolica_default,cached_powers_Q,45,14,0.829,BalancedZippelSeparated
fire7_nb0_rank1375,Automatic,1,ok,1077.403,89,2,1,0,0,2305843009213693967:86;2305843009213693973:3,Symbolica_default,cached_powers_Q,34,12,0.586,BalancedZippelSeparated
fire7_nb0_rank1376,Automatic,1,ok,919.513,90,2,1,0,0,2305843009213693967:87;2305843009213693973:3,Symbolica_default,cached_powers_Q,30,20,0.807,BalancedZippelSeparated
fire7_nb0_rank1377,Automatic,1,ok,912.273,90,2,1,0,0,2305843009213693967:87;2305843009213693973:3,Symbolica_default,cached_powers_Q,30,20,0.784,BalancedZippelSeparated
fire7_nb0_rank1378,Automatic,1,ok,920.013,114,2,1,0,0,2305843009213693967:111;2305843009213693973:3,Symbolica_default,cached_powers_Q,30,27,0.517,BalancedZippelSeparated
fire7_nb0_rank1379,Automatic,1,ok,727.063,94,2,1,0,0,2305843009213693967:91;2305843009213693973:3,Symbolica_default,cached_powers_Q,18,36,0.605,BalancedZippelSeparated
fire7_nb0_rank1380,Automatic,1,ok,1045.954,123,2,1,0,0,2305843009213693967:120;2305843009213693973:3,Symbolica_default,cached_powers_Q,23,39,0.778,BalancedZippelSeparated
fire7_nb0_rank1381,Automatic,1,ok,962.954,87,2,1,0,0,2305843009213693967:84;2305843009213693973:3,Symbolica_default,cached_powers_Q,36,9,0.560,BalancedZippelSeparated
fire7_nb0_rank1382,Automatic,1,ok,1229.845,123,2,1,0,0,2305843009213693967:120;2305843009213693973:3,Symbolica_default,cached_powers_Q,40,15,0.623,BalancedZippelSeparated
fire7_nb0_rank1383,Automatic,1,ok,893.383,126,2,1,0,0,2305843009213693967:123;2305843009213693973:3,Symbolica_default,cached_powers_Q,36,21,0.776,BalancedZippelSeparated
fire7_nb0_rank1384,Automatic,1,ok,869.862,78,2,1,0,0,2305843009213693967:75;2305843009213693973:3,Symbolica_default,cached_powers_Q,24,25,0.653,BalancedZippelSeparated
fire7_nb0_rank1385,Automatic,1,ok,887.753,90,2,1,0,0,2305843009213693967:87;2305843009213693973:3,Symbolica_default,cached_powers_Q,22,25,0.810,BalancedZippelSeparated
fire7_nb0_rank1386,Automatic,1,ok,1002.323,94,2,1,0,0,2305843009213693967:91;2305843009213693973:3,Symbolica_default,cached_powers_Q,42,9,0.568,BalancedZippelSeparated
fire7_nb0_rank1387,Automatic,1,ok,1018.953,126,2,1,0,0,2305843009213693967:123;2305843009213693973:3,Symbolica_default,cached_powers_Q,36,21,0.864,BalancedZippelSeparated
fire7_nb0_rank1388,Automatic,1,ok,1451.635,212,2,1,0,0,2305843009213693967:209;2305843009213693973:3,Symbolica_default,cached_powers_Q,42,14,0.599,BalancedZippelSeparated
fire7_nb0_rank1389,Automatic,1,ok,835.713,88,2,1,0,0,2305843009213693967:85;2305843009213693973:3,Symbolica_default,cached_powers_Q,18,35,0.786,BalancedZippelSeparated
fire7_nb0_rank1390,Automatic,1,ok,1292.974,161,2,1,0,0,2305843009213693967:158;2305843009213693973:3,Symbolica_default,cached_powers_Q,32,28,0.900,BalancedZippelSeparated
fire7_nb0_rank1391,Automatic,1,ok,1396.565,142,2,1,0,0,2305843009213693967:139;2305843009213693973:3,Symbolica_default,cached_powers_Q,25,28,0.661,BalancedZippelSeparated
fire7_nb0_rank1392,Automatic,1,ok,852.003,86,2,1,0,0,2305843009213693967:83;2305843009213693973:3,Symbolica_default,cached_powers_Q,30,15,0.726,BalancedZippelSeparated
fire7_nb0_rank1393,Automatic,1,ok,1158.844,142,2,1,0,0,2305843009213693967:139;2305843009213693973:3,Symbolica_default,cached_powers_Q,25,28,0.808,BalancedZippelSeparated
fire7_nb0_rank1394,Automatic,1,ok,915.234,96,2,1,0,0,2305843009213693967:93;2305843009213693973:3,Symbolica_default,cached_powers_Q,36,15,0.703,BalancedZippelSeparated
fire7_nb0_rank1395,Automatic,1,ok,955.073,109,2,1,0,0,2305843009213693967:106;2305843009213693973:3,Symbolica_default,cached_powers_Q,36,20,0.885,BalancedZippelSeparated
fire7_nb0_rank1396,Automatic,1,ok,1137.373,86,2,1,0,0,2305843009213693967:83;2305843009213693973:3,Symbolica_default,cached_powers_Q,30,20,0.634,BalancedZippelSeparated
fire7_nb0_rank1397,Automatic,1,ok,1002.784,114,2,1,0,0,2305843009213693967:111;2305843009213693973:3,Symbolica_default,cached_powers_Q,36,18,0.767,BalancedZippelSeparated
fire7_nb0_rank1398,Automatic,1,ok,1011.833,126,2,1,0,0,2305843009213693967:123;2305843009213693973:3,Symbolica_default,cached_powers_Q,36,21,0.877,BalancedZippelSeparated
fire7_nb0_rank1399,Automatic,1,ok,882.823,98,2,1,0,0,2305843009213693967:95;2305843009213693973:3,Symbolica_default,cached_powers_Q,35,12,0.807,BalancedZippelSeparated
fire7_nb0_rank1400,Automatic,1,ok,813.603,99,2,1,0,0,2305843009213693967:96;2305843009213693973:3,Symbolica_default,cached_powers_Q,35,18,0.595,BalancedZippelSeparated
fire7_nb0_rank1401,Automatic,1,ok,1261.655,138,2,1,0,0,2305843009213693967:135;2305843009213693973:3,Symbolica_default,cached_powers_Q,36,18,0.581,BalancedZippelSeparated
fire7_nb0_rank1402,Automatic,1,ok,1315.374,148,2,1,0,0,2305843009213693967:145;2305843009213693973:3,Symbolica_default,cached_powers_Q,36,24,0.635,BalancedZippelSeparated
fire7_nb0_rank1403,Automatic,1,ok,1174.504,148,2,1,0,0,2305843009213693967:145;2305843009213693973:3,Symbolica_default,cached_powers_Q,36,24,0.889,BalancedZippelSeparated
fire7_nb0_rank1404,Automatic,1,ok,850.753,129,2,1,0,0,2305843009213693967:126;2305843009213693973:3,Symbolica_default,cached_powers_Q,36,24,1.018,BalancedZippelSeparated
fire7_nb0_rank1405,Automatic,1,ok,1095.204,137,2,1,0,0,2305843009213693967:134;2305843009213693973:3,Symbolica_default,cached_powers_Q,42,14,0.824,BalancedZippelSeparated
fire7_nb0_rank1406,Automatic,1,ok,1084.074,108,2,1,0,0,2305843009213693967:105;2305843009213693973:3,Symbolica_default,cached_powers_Q,25,27,0.827,BalancedZippelSeparated
fire7_nb0_rank1407,Automatic,1,ok,819.413,126,2,1,0,0,2305843009213693967:123;2305843009213693973:3,Symbolica_default,cached_powers_Q,36,21,0.657,BalancedZippelSeparated
fire7_nb0_rank1408,Automatic,1,ok,1077.574,131,2,1,0,0,2305843009213693967:128;2305843009213693973:3,Symbolica_default,cached_powers_Q,15,42,0.542,BalancedZippelSeparated
fire7_nb0_rank1409,Automatic,1,ok,954.734,94,2,1,0,0,2305843009213693967:91;2305843009213693973:3,Symbolica_default,cached_powers_Q,41,9,0.724,BalancedZippelSeparated
fire7_nb0_rank1410,Automatic,1,ok,906.023,99,2,1,0,0,2305843009213693967:96;2305843009213693973:3,Symbolica_default,cached_powers_Q,18,36,0.691,BalancedZippelSeparated
fire7_nb0_rank1411,Automatic,1,ok,1300.274,96,2,1,0,0,2305843009213693967:93;2305843009213693973:3,Symbolica_default,cached_powers_Q,42,9,0.550,BalancedZippelSeparated
fire7_nb0_rank1412,Automatic,1,ok,916.313,78,2,1,0,0,2305843009213693967:75;2305843009213693973:3,Symbolica_default,cached_powers_Q,23,25,0.943,BalancedZippelSeparated
fire7_nb0_rank1413,Automatic,1,ok,897.003,76,2,1,0,0,2305843009213693967:73;2305843009213693973:3,Symbolica_default,cached_powers_Q,23,25,0.896,BalancedZippelSeparated
fire7_nb0_rank1414,Automatic,1,ok,941.383,94,2,1,0,0,2305843009213693967:91;2305843009213693973:3,Symbolica_default,cached_powers_Q,36,15,0.622,BalancedZippelSeparated
fire7_nb0_rank1415,Automatic,1,ok,878.893,105,2,1,0,0,2305843009213693967:102;2305843009213693973:3,Symbolica_default,cached_powers_Q,35,18,0.768,BalancedZippelSeparated
fire7_nb0_rank1416,Automatic,1,ok,922.503,117,2,1,0,0,2305843009213693967:114;2305843009213693973:3,Symbolica_default,cached_powers_Q,40,12,0.724,BalancedZippelSeparated
fire7_nb0_rank1417,Automatic,1,ok,913.713,90,2,1,0,0,2305843009213693967:87;2305843009213693973:3,Symbolica_default,cached_powers_Q,30,20,0.716,BalancedZippelSeparated
fire7_nb0_rank1418,Automatic,1,ok,811.733,93,2,1,0,0,2305843009213693967:90;2305843009213693973:3,Symbolica_default,cached_powers_Q,35,15,0.887,BalancedZippelSeparated
fire7_nb0_rank1419,Automatic,1,ok,983.773,127,2,1,0,0,2305843009213693967:124;2305843009213693973:3,Symbolica_default,cached_powers_Q,45,8,0.887,BalancedZippelSeparated
fire7_nb0_rank1420,Automatic,1,ok,721.473,99,2,1,0,0,2305843009213693967:96;2305843009213693973:3,Symbolica_default,cached_powers_Q,45,6,0.679,BalancedZippelSeparated
fire7_nb0_rank1421,Automatic,1,ok,1020.854,102,2,1,0,0,2305843009213693967:99;2305843009213693973:3,Symbolica_default,cached_powers_Q,40,10,0.723,BalancedZippelSeparated
fire7_nb0_rank1422,Automatic,1,ok,924.754,110,2,1,0,0,2305843009213693967:107;2305843009213693973:3,Symbolica_default,cached_powers_Q,36,20,0.567,BalancedZippelSeparated
fire7_nb0_rank1423,Automatic,1,ok,1289.614,98,2,1,0,0,2305843009213693967:95;2305843009213693973:3,Symbolica_default,cached_powers_Q,35,15,0.578,BalancedZippelSeparated
fire7_nb0_rank1424,Automatic,1,ok,872.252,99,2,1,0,0,2305843009213693967:96;2305843009213693973:3,Symbolica_default,cached_powers_Q,45,6,0.697,BalancedZippelSeparated
fire7_nb0_rank1425,Automatic,1,ok,1313.734,129,2,1,0,0,2305843009213693967:126;2305843009213693973:3,Symbolica_default,cached_powers_Q,35,24,0.640,BalancedZippelSeparated
fire7_nb0_rank1426,Automatic,1,ok,1037.123,126,2,1,0,0,2305843009213693967:123;2305843009213693973:3,Symbolica_default,cached_powers_Q,39,18,0.865,BalancedZippelSeparated
fire7_nb0_rank1427,Automatic,1,ok,950.213,102,2,1,0,0,2305843009213693967:99;2305843009213693973:3,Symbolica_default,cached_powers_Q,36,20,0.744,BalancedZippelSeparated
fire7_nb0_rank1428,Automatic,1,ok,1159.404,105,2,1,0,0,2305843009213693967:102;2305843009213693973:3,Symbolica_default,cached_powers_Q,36,20,0.587,BalancedZippelSeparated
fire7_nb0_rank1429,Automatic,1,ok,954.713,101,2,1,0,0,2305843009213693967:98;2305843009213693973:3,Symbolica_default,cached_powers_Q,45,6,0.545,BalancedZippelSeparated
fire7_nb0_rank1430,Automatic,1,ok,999.213,100,2,1,0,0,2305843009213693967:97;2305843009213693973:3,Symbolica_default,cached_powers_Q,40,10,0.615,BalancedZippelSeparated
fire7_nb0_rank1431,Automatic,1,ok,972.983,120,2,1,0,0,2305843009213693967:117;2305843009213693973:3,Symbolica_default,cached_powers_Q,42,9,0.836,BalancedZippelSeparated
fire7_nb0_rank1432,Automatic,1,ok,1316.564,99,2,1,0,0,2305843009213693967:96;2305843009213693973:3,Symbolica_default,cached_powers_Q,35,15,0.621,BalancedZippelSeparated
fire7_nb0_rank1433,Automatic,1,ok,655.432,93,2,1,0,0,2305843009213693967:90;2305843009213693973:3,Symbolica_default,cached_powers_Q,29,15,0.559,BalancedZippelSeparated
fire7_nb0_rank1434,Automatic,1,ok,1208.294,122,2,1,0,0,2305843009213693967:119;2305843009213693973:3,Symbolica_default,cached_powers_Q,36,18,0.580,BalancedZippelSeparated
fire7_nb0_rank1435,Automatic,1,ok,840.953,93,2,1,0,0,2305843009213693967:90;2305843009213693973:3,Symbolica_default,cached_powers_Q,36,15,0.719,BalancedZippelSeparated
fire7_nb0_rank1436,Automatic,1,ok,953.173,107,2,1,0,0,2305843009213693967:104;2305843009213693973:3,Symbolica_default,cached_powers_Q,36,20,0.846,BalancedZippelSeparated
fire7_nb0_rank1437,Automatic,1,ok,946.163,90,2,1,0,0,2305843009213693967:87;2305843009213693973:3,Symbolica_default,cached_powers_Q,30,20,0.811,BalancedZippelSeparated
fire7_nb0_rank1438,Automatic,1,ok,1006.214,106,2,1,0,0,2305843009213693967:103;2305843009213693973:3,Symbolica_default,cached_powers_Q,25,27,0.782,BalancedZippelSeparated
fire7_nb0_rank1439,Automatic,1,ok,1072.814,107,2,1,0,0,2305843009213693967:104;2305843009213693973:3,Symbolica_default,cached_powers_Q,36,15,0.576,BalancedZippelSeparated
fire7_nb0_rank1440,Automatic,1,ok,877.863,107,2,1,0,0,2305843009213693967:104;2305843009213693973:3,Symbolica_default,cached_powers_Q,30,27,0.738,BalancedZippelSeparated
fire7_nb0_rank1441,Automatic,1,ok,1008.263,104,2,1,0,0,2305843009213693967:101;2305843009213693973:3,Symbolica_default,cached_powers_Q,30,21,0.857,BalancedZippelSeparated
fire7_nb0_rank1442,Automatic,1,ok,851.073,86,2,1,0,0,2305843009213693967:83;2305843009213693973:3,Symbolica_default,cached_powers_Q,18,35,0.558,BalancedZippelSeparated
fire7_nb0_rank1443,Automatic,1,ok,901.973,124,2,1,0,0,2305843009213693967:121;2305843009213693973:3,Symbolica_default,cached_powers_Q,30,24,0.484,BalancedZippelSeparated
fire7_nb0_rank1444,Automatic,1,ok,1044.093,90,2,1,0,0,2305843009213693967:87;2305843009213693973:3,Symbolica_default,cached_powers_Q,40,9,0.581,BalancedZippelSeparated
fire7_nb0_rank1445,Automatic,1,ok,1111.314,102,2,1,0,0,2305843009213693967:99;2305843009213693973:3,Symbolica_default,cached_powers_Q,40,9,0.550,BalancedZippelSeparated
fire7_nb0_rank1446,Automatic,1,ok,760.782,120,2,1,0,0,2305843009213693967:117;2305843009213693973:3,Symbolica_default,cached_powers_Q,44,8,0.601,BalancedZippelSeparated
fire7_nb0_rank1447,Automatic,1,ok,816.963,91,2,1,0,0,2305843009213693967:88;2305843009213693973:3,Symbolica_default,cached_powers_Q,40,9,0.757,BalancedZippelSeparated
fire7_nb0_rank1448,Automatic,1,ok,978.064,103,2,1,0,0,2305843009213693967:100;2305843009213693973:3,Symbolica_default,cached_powers_Q,32,21,0.803,BalancedZippelSeparated
fire7_nb0_rank1449,Automatic,1,ok,976.393,102,2,1,0,0,2305843009213693967:99;2305843009213693973:3,Symbolica_default,cached_powers_Q,25,27,0.869,BalancedZippelSeparated
fire7_nb0_rank1450,Automatic,1,ok,1004.213,123,2,1,0,0,2305843009213693967:120;2305843009213693973:3,Symbolica_default,cached_powers_Q,40,12,0.817,BalancedZippelSeparated
fire7_nb0_rank1451,Automatic,1,ok,781.523,81,2,1,0,0,2305843009213693967:78;2305843009213693973:3,Symbolica_default,cached_powers_Q,34,10,0.712,BalancedZippelSeparated
fire7_nb0_rank1452,Automatic,1,ok,1079.774,139,2,1,0,0,2305843009213693967:136;2305843009213693973:3,Symbolica_default,cached_powers_Q,39,18,0.806,BalancedZippelSeparated
fire7_nb0_rank1453,Automatic,1,ok,893.303,113,2,1,0,0,2305843009213693967:110;2305843009213693973:3,Symbolica_default,cached_powers_Q,36,15,0.769,BalancedZippelSeparated
fire7_nb0_rank1454,Automatic,1,ok,1170.434,110,2,1,0,0,2305843009213693967:107;2305843009213693973:3,Symbolica_default,cached_powers_Q,32,21,0.641,BalancedZippelSeparated
fire7_nb0_rank1455,Automatic,1,ok,826.743,103,2,1,0,0,2305843009213693967:100;2305843009213693973:3,Symbolica_default,cached_powers_Q,36,12,0.484,BalancedZippelSeparated
fire7_nb0_rank1456,Automatic,1,ok,868.223,104,2,1,0,0,2305843009213693967:101;2305843009213693973:3,Symbolica_default,cached_powers_Q,36,12,0.566,BalancedZippelSeparated
fire7_nb0_rank1457,Automatic,1,ok,1307.625,135,2,1,0,0,2305843009213693967:132;2305843009213693973:3,Symbolica_default,cached_powers_Q,38,21,0.592,BalancedZippelSeparated
fire7_nb0_rank1458,Automatic,1,ok,1252.894,103,2,1,0,0,2305843009213693967:100;2305843009213693973:3,Symbolica_default,cached_powers_Q,32,21,0.690,BalancedZippelSeparated
fire7_nb0_rank1459,Automatic,1,ok,1064.203,141,2,1,0,0,2305843009213693967:138;2305843009213693973:3,Symbolica_default,cached_powers_Q,39,14,0.582,BalancedZippelSeparated
fire7_nb0_rank1460,Automatic,1,ok,1021.513,121,2,1,0,0,2305843009213693967:118;2305843009213693973:3,Symbolica_default,cached_powers_Q,35,21,0.820,BalancedZippelSeparated
fire7_nb0_rank1461,Automatic,1,ok,901.073,84,2,1,0,0,2305843009213693967:81;2305843009213693973:3,Symbolica_default,cached_powers_Q,30,20,0.603,BalancedZippelSeparated
fire7_nb0_rank1462,Automatic,1,ok,805.883,84,2,1,0,0,2305843009213693967:81;2305843009213693973:3,Symbolica_default,cached_powers_Q,36,12,0.535,BalancedZippelSeparated
fire7_nb0_rank1463,Automatic,1,ok,1121.333,97,2,1,0,0,2305843009213693967:94;2305843009213693973:3,Symbolica_default,cached_powers_Q,40,9,0.537,BalancedZippelSeparated
fire7_nb0_rank1464,Automatic,1,ok,920.803,111,2,1,0,0,2305843009213693967:108;2305843009213693973:3,Symbolica_default,cached_powers_Q,27,24,0.787,BalancedZippelSeparated
fire7_nb0_rank1465,Automatic,1,ok,875.103,84,2,1,0,0,2305843009213693967:81;2305843009213693973:3,Symbolica_default,cached_powers_Q,36,12,0.774,BalancedZippelSeparated
fire7_nb0_rank1466,Automatic,1,ok,915.074,108,2,1,0,0,2305843009213693967:105;2305843009213693973:3,Symbolica_default,cached_powers_Q,36,15,0.574,BalancedZippelSeparated
fire7_nb0_rank1467,Automatic,1,ok,632.602,84,2,1,0,0,2305843009213693967:81;2305843009213693973:3,Symbolica_default,cached_powers_Q,36,12,0.491,BalancedZippelSeparated
fire7_nb0_rank1468,Automatic,1,ok,920.334,83,2,1,0,0,2305843009213693967:80;2305843009213693973:3,Symbolica_default,cached_powers_Q,30,15,0.598,BalancedZippelSeparated
fire7_nb0_rank1469,Automatic,1,ok,872.653,81,2,1,0,0,2305843009213693967:78;2305843009213693973:3,Symbolica_default,cached_powers_Q,30,15,0.751,BalancedZippelSeparated
fire7_nb0_rank1470,Automatic,1,ok,810.453,82,2,1,0,0,2305843009213693967:79;2305843009213693973:3,Symbolica_default,cached_powers_Q,30,15,0.729,BalancedZippelSeparated
fire7_nb0_rank1471,Automatic,1,ok,812.703,122,2,1,0,0,2305843009213693967:119;2305843009213693973:3,Symbolica_default,cached_powers_Q,30,20,0.556,BalancedZippelSeparated
fire7_nb0_rank1472,Automatic,1,ok,981.603,113,2,1,0,0,2305843009213693967:110;2305843009213693973:3,Symbolica_default,cached_powers_Q,40,10,0.813,BalancedZippelSeparated
fire7_nb0_rank1473,Automatic,1,ok,677.663,96,2,1,0,0,2305843009213693967:93;2305843009213693973:3,Symbolica_default,cached_powers_Q,5,48,0.473,BalancedZippelSeparated
fire7_nb0_rank1474,Automatic,1,ok,907.443,98,2,1,0,0,2305843009213693967:95;2305843009213693973:3,Symbolica_default,cached_powers_Q,5,48,0.730,BalancedZippelSeparated
fire7_nb0_rank1475,Automatic,1,ok,919.643,114,2,1,0,0,2305843009213693967:111;2305843009213693973:3,Symbolica_default,cached_powers_Q,39,9,0.573,BalancedZippelSeparated
fire7_nb0_rank1476,Automatic,1,ok,899.163,105,2,1,0,0,2305843009213693967:102;2305843009213693973:3,Symbolica_default,cached_powers_Q,32,20,0.571,BalancedZippelSeparated
fire7_nb0_rank1477,Automatic,1,ok,810.503,116,2,1,0,0,2305843009213693967:113;2305843009213693973:3,Symbolica_default,cached_powers_Q,37,10,0.548,BalancedZippelSeparated
fire7_nb0_rank1478,Automatic,1,ok,1057.844,129,2,1,0,0,2305843009213693967:126;2305843009213693973:3,Symbolica_default,cached_powers_Q,27,26,0.876,BalancedZippelSeparated
fire7_nb0_rank1479,Automatic,1,ok,979.824,100,2,1,0,0,2305843009213693967:97;2305843009213693973:3,Symbolica_default,cached_powers_Q,30,21,0.825,BalancedZippelSeparated
fire7_nb0_rank1480,Automatic,1,ok,885.454,94,2,1,0,0,2305843009213693967:91;2305843009213693973:3,Symbolica_default,cached_powers_Q,30,21,0.752,BalancedZippelSeparated
fire7_nb0_rank1481,Automatic,1,ok,1013.964,110,2,1,0,0,2305843009213693967:107;2305843009213693973:3,Symbolica_default,cached_powers_Q,32,21,0.879,BalancedZippelSeparated
fire7_nb0_rank1482,Automatic,1,ok,1008.043,117,2,1,0,0,2305843009213693967:114;2305843009213693973:3,Symbolica_default,cached_powers_Q,15,36,0.792,BalancedZippelSeparated
fire7_nb0_rank1483,Automatic,1,ok,848.933,90,2,1,0,0,2305843009213693967:87;2305843009213693973:3,Symbolica_default,cached_powers_Q,38,9,0.581,BalancedZippelSeparated
fire7_nb0_rank1484,Automatic,1,ok,1168.924,94,2,1,0,0,2305843009213693967:91;2305843009213693973:3,Symbolica_default,cached_powers_Q,32,15,0.581,BalancedZippelSeparated
fire7_nb0_rank1485,Automatic,1,ok,1102.853,134,2,1,0,0,2305843009213693967:131;2305843009213693973:3,Symbolica_default,cached_powers_Q,27,26,0.927,BalancedZippelSeparated
fire7_nb0_rank1486,Automatic,1,ok,1167.733,161,2,1,0,0,2305843009213693967:158;2305843009213693973:3,Symbolica_default,cached_powers_Q,42,13,0.852,BalancedZippelSeparated
fire7_nb0_rank1487,Automatic,1,ok,713.333,80,2,1,0,0,2305843009213693967:77;2305843009213693973:3,Symbolica_default,cached_powers_Q,33,12,0.716,BalancedZippelSeparated
fire7_nb0_rank1488,Automatic,1,ok,1013.933,94,2,1,0,0,2305843009213693967:91;2305843009213693973:3,Symbolica_default,cached_powers_Q,32,18,0.822,BalancedZippelSeparated
fire7_nb0_rank1489,Automatic,1,ok,871.413,80,2,1,0,0,2305843009213693967:77;2305843009213693973:3,Symbolica_default,cached_powers_Q,33,12,0.512,BalancedZippelSeparated
fire7_nb0_rank1490,Automatic,1,ok,859.523,116,2,1,0,0,2305843009213693967:113;2305843009213693973:3,Symbolica_default,cached_powers_Q,35,18,0.630,BalancedZippelSeparated
fire7_nb0_rank1491,Automatic,1,ok,638.272,82,2,1,0,0,2305843009213693967:79;2305843009213693973:3,Symbolica_default,cached_powers_Q,35,10,0.743,BalancedZippelSeparated
fire7_nb0_rank1492,Automatic,1,ok,948.643,89,2,1,0,0,2305843009213693967:86;2305843009213693973:3,Symbolica_default,cached_powers_Q,25,28,0.824,BalancedZippelSeparated
fire7_nb0_rank1493,Automatic,1,ok,906.133,81,2,1,0,0,2305843009213693967:78;2305843009213693973:3,Symbolica_default,cached_powers_Q,25,28,0.623,BalancedZippelSeparated
fire7_nb0_rank1494,Automatic,1,ok,1045.714,120,2,1,0,0,2305843009213693967:117;2305843009213693973:3,Symbolica_default,cached_powers_Q,32,18,0.807,BalancedZippelSeparated
fire7_nb0_rank1495,Automatic,1,ok,857.603,86,2,1,0,0,2305843009213693967:83;2305843009213693973:3,Symbolica_default,cached_powers_Q,30,12,0.532,BalancedZippelSeparated
fire7_nb0_rank1496,Automatic,1,ok,932.673,99,2,1,0,0,2305843009213693967:96;2305843009213693973:3,Symbolica_default,cached_powers_Q,29,15,0.793,BalancedZippelSeparated
fire7_nb0_rank1497,Automatic,1,ok,996.933,138,2,1,0,0,2305843009213693967:135;2305843009213693973:3,Symbolica_default,cached_powers_Q,39,12,0.546,BalancedZippelSeparated
fire7_nb0_rank1498,Automatic,1,ok,1051.814,82,2,1,0,0,2305843009213693967:79;2305843009213693973:3,Symbolica_default,cached_powers_Q,30,20,0.535,BalancedZippelSeparated
fire7_nb0_rank1499,Automatic,1,ok,972.713,86,2,1,0,0,2305843009213693967:83;2305843009213693973:3,Symbolica_default,cached_powers_Q,30,20,0.817,BalancedZippelSeparated
fire7_nb0_rank1500,Automatic,1,ok,1079.244,130,2,1,0,0,2305843009213693967:127;2305843009213693973:3,Symbolica_default,cached_powers_Q,39,18,0.829,BalancedZippelSeparated
fire7_nb0_rank1501,Automatic,1,ok,885.943,84,2,1,0,0,2305843009213693967:81;2305843009213693973:3,Symbolica_default,cached_powers_Q,18,28,0.577,BalancedZippelSeparated
fire7_nb0_rank1502,Automatic,1,ok,966.684,132,2,1,0,0,2305843009213693967:129;2305843009213693973:3,Symbolica_default,cached_powers_Q,39,12,0.762,BalancedZippelSeparated
fire7_nb0_rank1503,Automatic,1,ok,996.933,101,2,1,0,0,2305843009213693967:98;2305843009213693973:3,Symbolica_default,cached_powers_Q,35,12,0.754,BalancedZippelSeparated
fire7_nb0_rank1504,Automatic,1,ok,898.213,89,2,1,0,0,2305843009213693967:86;2305843009213693973:3,Symbolica_default,cached_powers_Q,32,18,0.607,BalancedZippelSeparated
fire7_nb0_rank1505,Automatic,1,ok,1033.113,101,2,1,0,0,2305843009213693967:98;2305843009213693973:3,Symbolica_default,cached_powers_Q,35,12,0.781,BalancedZippelSeparated
fire7_nb0_rank1506,Automatic,1,ok,889.783,80,2,1,0,0,2305843009213693967:77;2305843009213693973:3,Symbolica_default,cached_powers_Q,18,28,0.818,BalancedZippelSeparated
fire7_nb0_rank1507,Automatic,1,ok,885.664,86,2,1,0,0,2305843009213693967:83;2305843009213693973:3,Symbolica_default,cached_powers_Q,18,28,0.592,BalancedZippelSeparated
fire7_nb0_rank1508,Automatic,1,ok,1016.284,150,2,1,0,0,2305843009213693967:147;2305843009213693973:3,Symbolica_default,cached_powers_Q,44,6,0.697,BalancedZippelSeparated
fire7_nb0_rank1509,Automatic,1,ok,1147.404,128,2,1,0,0,2305843009213693967:125;2305843009213693973:3,Symbolica_default,cached_powers_Q,24,24,0.594,BalancedZippelSeparated
fire7_nb0_rank1510,Automatic,1,ok,1062.924,105,2,1,0,0,2305843009213693967:102;2305843009213693973:3,Symbolica_default,cached_powers_Q,35,12,0.511,BalancedZippelSeparated
fire7_nb0_rank1511,Automatic,1,ok,1239.684,105,2,1,0,0,2305843009213693967:102;2305843009213693973:3,Symbolica_default,cached_powers_Q,35,12,0.558,BalancedZippelSeparated
fire7_nb0_rank1512,Automatic,1,ok,1360.695,128,2,1,0,0,2305843009213693967:125;2305843009213693973:3,Symbolica_default,cached_powers_Q,24,24,0.633,BalancedZippelSeparated
fire7_nb0_rank1513,Automatic,1,ok,1133.314,122,2,1,0,0,2305843009213693967:119;2305843009213693973:3,Symbolica_default,cached_powers_Q,38,12,0.760,BalancedZippelSeparated
fire7_nb0_rank1514,Automatic,1,ok,991.053,109,2,1,0,0,2305843009213693967:106;2305843009213693973:3,Symbolica_default,cached_powers_Q,24,27,0.553,BalancedZippelSeparated
fire7_nb0_rank1515,Automatic,1,ok,1181.684,101,2,1,0,0,2305843009213693967:98;2305843009213693973:3,Symbolica_default,cached_powers_Q,35,12,0.548,BalancedZippelSeparated
fire7_nb0_rank1516,Automatic,1,ok,988.774,109,2,1,0,0,2305843009213693967:106;2305843009213693973:3,Symbolica_default,cached_powers_Q,24,27,0.798,BalancedZippelSeparated
fire7_nb0_rank1517,Automatic,1,ok,901.823,82,2,1,0,0,2305843009213693967:79;2305843009213693973:3,Symbolica_default,cached_powers_Q,25,20,0.773,BalancedZippelSeparated
fire7_nb0_rank1518,Automatic,1,ok,1099.654,91,2,1,0,0,2305843009213693967:88;2305843009213693973:3,Symbolica_default,cached_powers_Q,24,24,0.600,BalancedZippelSeparated
fire7_nb0_rank1519,Automatic,1,ok,899.313,97,2,1,0,0,2305843009213693967:94;2305843009213693973:3,Symbolica_default,cached_powers_Q,28,21,0.553,BalancedZippelSeparated
fire7_nb0_rank1520,Automatic,1,ok,935.343,101,2,1,0,0,2305843009213693967:98;2305843009213693973:3,Symbolica_default,cached_powers_Q,32,16,0.538,BalancedZippelSeparated
fire7_nb0_rank1521,Automatic,1,ok,933.314,91,2,1,0,0,2305843009213693967:88;2305843009213693973:3,Symbolica_default,cached_powers_Q,15,36,0.814,BalancedZippelSeparated
fire7_nb0_rank1522,Automatic,1,ok,1230.955,117,2,1,0,0,2305843009213693967:114;2305843009213693973:3,Symbolica_default,cached_powers_Q,15,36,0.590,BalancedZippelSeparated
fire7_nb0_rank1523,Automatic,1,ok,936.073,90,2,1,0,0,2305843009213693967:87;2305843009213693973:3,Symbolica_default,cached_powers_Q,24,24,0.832,BalancedZippelSeparated
fire7_nb0_rank1524,Automatic,1,ok,723.442,91,2,1,0,0,2305843009213693967:88;2305843009213693973:3,Symbolica_default,cached_powers_Q,25,21,0.635,BalancedZippelSeparated
fire7_nb0_rank1525,Automatic,1,ok,1121.104,105,2,1,0,0,2305843009213693967:102;2305843009213693973:3,Symbolica_default,cached_powers_Q,35,12,0.717,BalancedZippelSeparated
fire7_nb0_rank1526,Automatic,1,ok,920.874,83,2,1,0,0,2305843009213693967:80;2305843009213693973:3,Symbolica_default,cached_powers_Q,25,24,0.861,BalancedZippelSeparated
fire7_nb0_rank1527,Automatic,1,ok,1036.813,110,2,1,0,0,2305843009213693967:107;2305843009213693973:3,Symbolica_default,cached_powers_Q,30,14,0.734,BalancedZippelSeparated
fire7_nb0_rank1528,Automatic,1,ok,1019.583,127,2,1,0,0,2305843009213693967:124;2305843009213693973:3,Symbolica_default,cached_powers_Q,39,8,0.734,BalancedZippelSeparated
fire7_nb0_rank1529,Automatic,1,ok,759.053,111,2,1,0,0,2305843009213693967:108;2305843009213693973:3,Symbolica_default,cached_powers_Q,24,27,0.584,BalancedZippelSeparated
fire7_nb0_rank1530,Automatic,1,ok,851.623,86,2,1,0,0,2305843009213693967:83;2305843009213693973:3,Symbolica_default,cached_powers_Q,39,6,0.749,BalancedZippelSeparated
fire7_nb0_rank1531,Automatic,1,ok,1410.135,124,2,1,0,0,2305843009213693967:121;2305843009213693973:3,Symbolica_default,cached_powers_Q,28,24,0.617,BalancedZippelSeparated
fire7_nb0_rank1532,Automatic,1,ok,955.114,115,2,1,0,0,2305843009213693967:112;2305843009213693973:3,Symbolica_default,cached_powers_Q,15,36,0.765,BalancedZippelSeparated
fire7_nb0_rank1533,Automatic,1,ok,1176.484,115,2,1,0,0,2305843009213693967:112;2305843009213693973:3,Symbolica_default,cached_powers_Q,15,36,0.559,BalancedZippelSeparated
fire7_nb0_rank1534,Automatic,1,ok,961.464,99,2,1,0,0,2305843009213693967:96;2305843009213693973:3,Symbolica_default,cached_powers_Q,28,21,0.789,BalancedZippelSeparated
fire7_nb0_rank1535,Automatic,1,ok,936.823,99,2,1,0,0,2305843009213693967:96;2305843009213693973:3,Symbolica_default,cached_powers_Q,18,27,0.670,BalancedZippelSeparated
fire7_nb0_rank1536,Automatic,1,ok,823.054,80,2,1,0,0,2305843009213693967:77;2305843009213693973:3,Symbolica_default,cached_powers_Q,23,20,0.549,BalancedZippelSeparated
fire7_nb0_rank1537,Automatic,1,ok,1055.944,150,2,1,0,0,2305843009213693967:147;2305843009213693973:3,Symbolica_default,cached_powers_Q,38,14,0.638,BalancedZippelSeparated
fire7_nb0_rank1538,Automatic,1,ok,883.063,88,2,1,0,0,2305843009213693967:85;2305843009213693973:3,Symbolica_default,cached_powers_Q,30,15,0.525,BalancedZippelSeparated
fire7_nb0_rank1539,Automatic,1,ok,922.283,108,2,1,0,0,2305843009213693967:105;2305843009213693973:3,Symbolica_default,cached_powers_Q,36,15,0.766,BalancedZippelSeparated
fire7_nb0_rank1540,Automatic,1,ok,909.143,81,2,1,0,0,2305843009213693967:78;2305843009213693973:3,Symbolica_default,cached_powers_Q,23,28,0.635,BalancedZippelSeparated
fire7_nb0_rank1541,Automatic,1,ok,981.443,89,2,1,0,0,2305843009213693967:86;2305843009213693973:3,Symbolica_default,cached_powers_Q,23,28,0.884,BalancedZippelSeparated
fire7_nb0_rank1542,Automatic,1,ok,445.952,82,2,1,0,0,2305843009213693967:79;2305843009213693973:3,Symbolica_default,cached_powers_Q,35,8,0.366,BalancedZippelSeparated
fire7_nb0_rank1543,Automatic,1,ok,458.672,86,2,1,0,0,2305843009213693967:83;2305843009213693973:3,Symbolica_default,cached_powers_Q,35,8,0.433,BalancedZippelSeparated
fire7_nb0_rank1544,Automatic,1,ok,782.683,150,2,1,0,0,2305843009213693967:147;2305843009213693973:3,Symbolica_default,cached_powers_Q,38,14,0.368,BalancedZippelSeparated
fire7_nb0_rank1545,Automatic,1,ok,559.492,112,2,1,0,0,2305843009213693967:109;2305843009213693973:3,Symbolica_default,cached_powers_Q,35,12,0.495,BalancedZippelSeparated
fire7_nb0_rank1546,Automatic,1,ok,627.072,107,2,1,0,0,2305843009213693967:104;2305843009213693973:3,Symbolica_default,cached_powers_Q,36,10,0.375,BalancedZippelSeparated
fire7_nb0_rank1547,Automatic,1,ok,675.142,125,2,1,0,0,2305843009213693967:122;2305843009213693973:3,Symbolica_default,cached_powers_Q,39,9,0.555,BalancedZippelSeparated
fire7_nb0_rank1548,Automatic,1,ok,678.662,108,2,1,0,0,2305843009213693967:105;2305843009213693973:3,Symbolica_default,cached_powers_Q,36,15,0.394,BalancedZippelSeparated
fire7_nb0_rank1549,Automatic,1,ok,684.162,99,2,1,0,0,2305843009213693967:96;2305843009213693973:3,Symbolica_default,cached_powers_Q,28,21,0.393,BalancedZippelSeparated
fire7_nb0_rank1550,Automatic,1,ok,489.491,85,2,1,0,0,2305843009213693967:82;2305843009213693973:3,Symbolica_default,cached_powers_Q,35,10,0.499,BalancedZippelSeparated
fire7_nb0_rank1551,Automatic,1,ok,770.872,140,2,1,0,0,2305843009213693967:137;2305843009213693973:3,Symbolica_default,cached_powers_Q,36,10,0.512,BalancedZippelSeparated
fire7_nb0_rank1552,Automatic,1,ok,639.882,98,2,1,0,0,2305843009213693967:95;2305843009213693973:3,Symbolica_default,cached_powers_Q,24,27,0.393,BalancedZippelSeparated
fire7_nb0_rank1553,Automatic,1,ok,872.753,123,2,1,0,0,2305843009213693967:120;2305843009213693973:3,Symbolica_default,cached_powers_Q,39,9,0.392,BalancedZippelSeparated
fire7_nb0_rank1554,Automatic,1,ok,665.622,89,2,1,0,0,2305843009213693967:86;2305843009213693973:3,Symbolica_default,cached_powers_Q,21,24,0.393,BalancedZippelSeparated
fire7_nb0_rank1555,Automatic,1,ok,641.342,100,2,1,0,0,2305843009213693967:97;2305843009213693973:3,Symbolica_default,cached_powers_Q,36,10,0.383,BalancedZippelSeparated
fire7_nb0_rank1556,Automatic,1,ok,551.822,91,2,1,0,0,2305843009213693967:88;2305843009213693973:3,Symbolica_default,cached_powers_Q,24,24,0.568,BalancedZippelSeparated
fire7_nb0_rank1557,Automatic,1,ok,500.852,98,2,1,0,0,2305843009213693967:95;2305843009213693973:3,Symbolica_default,cached_powers_Q,36,10,0.515,BalancedZippelSeparated
fire7_nb0_rank1558,Automatic,1,ok,401.322,80,2,1,0,0,2305843009213693967:77;2305843009213693973:3,Symbolica_default,cached_powers_Q,22,15,0.355,BalancedZippelSeparated
fire7_nb0_rank1559,Automatic,1,ok,484.602,95,2,1,0,0,2305843009213693967:92;2305843009213693973:3,Symbolica_default,cached_powers_Q,15,27,0.382,BalancedZippelSeparated
fire7_nb0_rank1560,Automatic,1,ok,654.712,95,2,1,0,0,2305843009213693967:92;2305843009213693973:3,Symbolica_default,cached_powers_Q,15,27,0.332,BalancedZippelSeparated
fire7_nb0_rank1561,Automatic,1,ok,641.372,103,2,1,0,0,2305843009213693967:100;2305843009213693973:3,Symbolica_default,cached_powers_Q,36,10,0.390,BalancedZippelSeparated
fire7_nb0_rank1562,Automatic,1,ok,783.033,134,2,1,0,0,2305843009213693967:131;2305843009213693973:3,Symbolica_default,cached_powers_Q,27,20,0.395,BalancedZippelSeparated
fire7_nb0_rank1563,Automatic,1,ok,703.173,116,2,1,0,0,2305843009213693967:113;2305843009213693973:3,Symbolica_default,cached_powers_Q,33,14,0.379,BalancedZippelSeparated
fire7_nb0_rank1564,Automatic,1,ok,575.382,77,2,1,0,0,2305843009213693967:74;2305843009213693973:3,Symbolica_default,cached_powers_Q,24,20,0.361,BalancedZippelSeparated
fire7_nb0_rank1565,Automatic,1,ok,634.362,81,2,1,0,0,2305843009213693967:78;2305843009213693973:3,Symbolica_default,cached_powers_Q,24,20,0.503,BalancedZippelSeparated
fire7_nb0_rank1566,Automatic,1,ok,723.853,136,2,1,0,0,2305843009213693967:133;2305843009213693973:3,Symbolica_default,cached_powers_Q,33,14,0.535,BalancedZippelSeparated
fire7_nb0_rank1567,Automatic,1,ok,735.942,114,2,1,0,0,2305843009213693967:111;2305843009213693973:3,Symbolica_default,cached_powers_Q,39,10,0.384,BalancedZippelSeparated
fire7_nb0_rank1568,Automatic,1,ok,545.691,76,2,1,0,0,2305843009213693967:73;2305843009213693973:3,Symbolica_default,cached_powers_Q,22,14,0.340,BalancedZippelSeparated
fire7_nb0_rank1569,Automatic,1,ok,622.842,88,2,1,0,0,2305843009213693967:85;2305843009213693973:3,Symbolica_default,cached_powers_Q,30,15,0.366,BalancedZippelSeparated
fire7_nb0_rank1570,Automatic,1,ok,753.362,134,2,1,0,0,2305843009213693967:131;2305843009213693973:3,Symbolica_default,cached_powers_Q,33,14,0.415,BalancedZippelSeparated
fire7_nb0_rank1571,Automatic,1,ok,516.992,81,2,1,0,0,2305843009213693967:78;2305843009213693973:3,Symbolica_default,cached_powers_Q,30,15,0.483,BalancedZippelSeparated
fire7_nb0_rank1572,Automatic,1,ok,738.862,134,2,1,0,0,2305843009213693967:131;2305843009213693973:3,Symbolica_default,cached_powers_Q,33,14,0.515,BalancedZippelSeparated
fire7_nb0_rank1573,Automatic,1,ok,394.782,87,2,1,0,0,2305843009213693967:84;2305843009213693973:3,Symbolica_default,cached_powers_Q,32,5,0.316,BalancedZippelSeparated
fire7_nb0_rank1574,Automatic,1,ok,622.603,90,2,1,0,0,2305843009213693967:87;2305843009213693973:3,Symbolica_default,cached_powers_Q,30,15,0.359,BalancedZippelSeparated
fire7_nb0_rank1575,Automatic,1,ok,509.642,86,2,1,0,0,2305843009213693967:83;2305843009213693973:3,Symbolica_default,cached_powers_Q,35,6,0.464,BalancedZippelSeparated
fire7_nb0_rank1576,Automatic,1,ok,618.032,134,2,1,0,0,2305843009213693967:131;2305843009213693973:3,Symbolica_default,cached_powers_Q,36,9,0.363,BalancedZippelSeparated
fire7_nb0_rank1577,Automatic,1,ok,640.173,80,2,1,0,0,2305843009213693967:77;2305843009213693973:3,Symbolica_default,cached_powers_Q,25,12,0.381,BalancedZippelSeparated
fire7_nb0_rank1578,Automatic,1,ok,645.152,93,2,1,0,0,2305843009213693967:90;2305843009213693973:3,Symbolica_default,cached_powers_Q,15,27,0.496,BalancedZippelSeparated
fire7_nb0_rank1579,Automatic,1,ok,597.502,129,2,1,0,0,2305843009213693967:126;2305843009213693973:3,Symbolica_default,cached_powers_Q,24,24,0.391,BalancedZippelSeparated
fire7_nb0_rank1580,Automatic,1,ok,474.442,93,2,1,0,0,2305843009213693967:90;2305843009213693973:3,Symbolica_default,cached_powers_Q,15,27,0.497,BalancedZippelSeparated
fire7_nb0_rank1581,Automatic,1,ok,606.522,91,2,1,0,0,2305843009213693967:88;2305843009213693973:3,Symbolica_default,cached_powers_Q,20,27,0.348,BalancedZippelSeparated
fire7_nb0_rank1582,Automatic,1,ok,477.552,81,2,1,0,0,2305843009213693967:78;2305843009213693973:3,Symbolica_default,cached_powers_Q,26,8,0.318,BalancedZippelSeparated
fire7_nb0_rank1583,Automatic,1,ok,417.081,75,2,1,0,0,2305843009213693967:72;2305843009213693973:3,Symbolica_default,cached_powers_Q,18,25,0.349,BalancedZippelSeparated
fire7_nb0_rank1584,Automatic,1,ok,421.571,82,2,1,0,0,2305843009213693967:79;2305843009213693973:3,Symbolica_default,cached_powers_Q,30,9,0.342,BalancedZippelSeparated
fire7_nb0_rank1585,Automatic,1,ok,719.323,84,2,1,0,0,2305843009213693967:81;2305843009213693973:3,Symbolica_default,cached_powers_Q,35,6,0.534,BalancedZippelSeparated
fire7_nb0_rank1586,Automatic,1,ok,624.793,94,2,1,0,0,2305843009213693967:91;2305843009213693973:3,Symbolica_default,cached_powers_Q,32,10,0.340,BalancedZippelSeparated
fire7_nb0_rank1587,Automatic,1,ok,654.322,84,2,1,0,0,2305843009213693967:81;2305843009213693973:3,Symbolica_default,cached_powers_Q,25,15,0.379,BalancedZippelSeparated
fire7_nb0_rank1588,Automatic,1,ok,728.303,84,2,1,0,0,2305843009213693967:81;2305843009213693973:3,Symbolica_default,cached_powers_Q,35,6,0.520,BalancedZippelSeparated
fire7_nb0_rank1589,Automatic,1,ok,590.532,83,2,1,0,0,2305843009213693967:80;2305843009213693973:3,Symbolica_default,cached_powers_Q,30,12,0.366,BalancedZippelSeparated
fire7_nb0_rank1590,Automatic,1,ok,638.142,75,2,1,0,0,2305843009213693967:72;2305843009213693973:3,Symbolica_default,cached_powers_Q,20,20,0.357,BalancedZippelSeparated
fire7_nb0_rank1591,Automatic,1,ok,468.942,98,2,1,0,0,2305843009213693967:95;2305843009213693973:3,Symbolica_default,cached_powers_Q,36,4,0.578,BalancedZippelSeparated
fire7_nb0_rank1592,Automatic,1,ok,621.602,82,2,1,0,0,2305843009213693967:79;2305843009213693973:3,Symbolica_default,cached_powers_Q,15,28,0.381,BalancedZippelSeparated
fire7_nb0_rank1593,Automatic,1,ok,921.594,120,2,1,0,0,2305843009213693967:117;2305843009213693973:3,Symbolica_default,cached_powers_Q,18,26,0.729,BalancedZippelSeparated
fire7_nb0_rank1594,Automatic,1,ok,498.111,96,2,1,0,0,2305843009213693967:93;2305843009213693973:3,Symbolica_default,cached_powers_Q,30,12,0.581,BalancedZippelSeparated
fire7_nb0_rank1595,Automatic,1,ok,636.112,114,2,1,0,0,2305843009213693967:111;2305843009213693973:3,Symbolica_default,cached_powers_Q,36,6,0.334,BalancedZippelSeparated
fire7_nb0_rank1596,Automatic,1,ok,598.012,84,2,1,0,0,2305843009213693967:81;2305843009213693973:3,Symbolica_default,cached_powers_Q,25,15,0.362,BalancedZippelSeparated
fire7_nb0_rank1597,Automatic,1,ok,595.063,81,2,1,0,0,2305843009213693967:78;2305843009213693973:3,Symbolica_default,cached_powers_Q,18,24,0.348,BalancedZippelSeparated
fire7_nb0_rank1598,Automatic,1,ok,826.493,84,2,1,0,0,2305843009213693967:81;2305843009213693973:3,Symbolica_default,cached_powers_Q,20,24,0.720,BalancedZippelSeparated
fire7_nb0_rank1599,Automatic,1,ok,674.602,109,2,1,0,0,2305843009213693967:106;2305843009213693973:3,Symbolica_default,cached_powers_Q,36,6,0.528,BalancedZippelSeparated
fire7_nb0_rank1600,Automatic,1,ok,863.453,103,2,1,0,0,2305843009213693967:100;2305843009213693973:3,Symbolica_default,cached_powers_Q,5,42,0.472,BalancedZippelSeparated
fire7_nb0_rank1601,Automatic,1,ok,681.512,103,2,1,0,0,2305843009213693967:100;2305843009213693973:3,Symbolica_default,cached_powers_Q,5,42,0.492,BalancedZippelSeparated
fire7_nb0_rank1602,Automatic,1,ok,612.332,89,2,1,0,0,2305843009213693967:86;2305843009213693973:3,Symbolica_default,cached_powers_Q,32,10,0.725,BalancedZippelSeparated
fire7_nb0_rank1603,Automatic,1,ok,789.683,81,2,1,0,0,2305843009213693967:78;2305843009213693973:3,Symbolica_default,cached_powers_Q,18,24,0.498,BalancedZippelSeparated
fire7_nb0_rank1604,Automatic,1,ok,452.822,83,2,1,0,0,2305843009213693967:80;2305843009213693973:3,Symbolica_default,cached_powers_Q,30,12,0.386,BalancedZippelSeparated
fire7_nb0_rank1605,Automatic,1,ok,842.833,145,2,1,0,0,2305843009213693967:142;2305843009213693973:3,Symbolica_default,cached_powers_Q,15,30,0.368,BalancedZippelSeparated
fire7_nb0_rank1606,Automatic,1,ok,640.202,94,2,1,0,0,2305843009213693967:91;2305843009213693973:3,Symbolica_default,cached_powers_Q,32,10,0.367,BalancedZippelSeparated
fire7_nb0_rank1607,Automatic,1,ok,557.742,71,2,1,0,0,2305843009213693967:68;2305843009213693973:3,Symbolica_default,cached_powers_Q,21,15,0.492,BalancedZippelSeparated
fire7_nb0_rank1608,Automatic,1,ok,728.703,124,2,1,0,0,2305843009213693967:121;2305843009213693973:3,Symbolica_default,cached_powers_Q,27,18,0.403,BalancedZippelSeparated
fire7_nb0_rank1609,Automatic,1,ok,486.502,114,2,1,0,0,2305843009213693967:111;2305843009213693973:3,Symbolica_default,cached_powers_Q,36,8,0.370,BalancedZippelSeparated
fire7_nb0_rank1610,Automatic,1,ok,848.053,83,2,1,0,0,2305843009213693967:80;2305843009213693973:3,Symbolica_default,cached_powers_Q,22,21,0.591,BalancedZippelSeparated
fire7_nb0_rank1611,Automatic,1,ok,1031.974,77,2,1,0,0,2305843009213693967:74;2305843009213693973:3,Symbolica_default,cached_powers_Q,30,9,0.486,BalancedZippelSeparated
fire7_nb0_rank1612,Automatic,1,ok,453.982,82,2,1,0,0,2305843009213693967:79;2305843009213693973:3,Symbolica_default,cached_powers_Q,15,28,0.575,BalancedZippelSeparated
fire7_nb0_rank1613,Automatic,1,ok,548.722,124,2,1,0,0,2305843009213693967:121;2305843009213693973:3,Symbolica_default,cached_powers_Q,27,18,0.381,BalancedZippelSeparated
fire7_nb0_rank1614,Automatic,1,ok,640.622,98,2,1,0,0,2305843009213693967:95;2305843009213693973:3,Symbolica_default,cached_powers_Q,27,15,0.373,BalancedZippelSeparated
fire7_nb0_rank1615,Automatic,1,ok,596.372,79,2,1,0,0,2305843009213693967:76;2305843009213693973:3,Symbolica_default,cached_powers_Q,30,9,0.358,BalancedZippelSeparated
fire7_nb0_rank1616,Automatic,1,ok,646.482,81,2,1,0,0,2305843009213693967:78;2305843009213693973:3,Symbolica_default,cached_powers_Q,23,15,0.385,BalancedZippelSeparated
fire7_nb0_rank1617,Automatic,1,ok,484.612,111,2,1,0,0,2305843009213693967:108;2305843009213693973:3,Symbolica_default,cached_powers_Q,32,12,0.400,BalancedZippelSeparated
fire7_nb0_rank1618,Automatic,1,ok,430.561,93,2,1,0,0,2305843009213693967:90;2305843009213693973:3,Symbolica_default,cached_powers_Q,24,18,0.383,BalancedZippelSeparated
fire7_nb0_rank1619,Automatic,1,ok,673.643,81,2,1,0,0,2305843009213693967:78;2305843009213693973:3,Symbolica_default,cached_powers_Q,18,24,0.402,BalancedZippelSeparated
fire7_nb0_rank1620,Automatic,1,ok,943.864,115,2,1,0,0,2305843009213693967:112;2305843009213693973:3,Symbolica_default,cached_powers_Q,23,24,0.548,BalancedZippelSeparated
fire7_nb0_rank1621,Automatic,1,ok,724.433,82,2,1,0,0,2305843009213693967:79;2305843009213693973:3,Symbolica_default,cached_powers_Q,25,15,0.390,BalancedZippelSeparated
fire7_nb0_rank1622,Automatic,1,ok,809.283,78,2,1,0,0,2305843009213693967:75;2305843009213693973:3,Symbolica_default,cached_powers_Q,25,15,0.710,BalancedZippelSeparated
fire7_nb0_rank1623,Automatic,1,ok,693.922,102,2,1,0,0,2305843009213693967:99;2305843009213693973:3,Symbolica_default,cached_powers_Q,27,18,0.481,BalancedZippelSeparated
fire7_nb0_rank1624,Automatic,1,ok,474.121,91,2,1,0,0,2305843009213693967:88;2305843009213693973:3,Symbolica_default,cached_powers_Q,24,16,0.452,BalancedZippelSeparated
fire7_nb0_rank1625,Automatic,1,ok,787.603,75,2,1,0,0,2305843009213693967:72;2305843009213693973:3,Symbolica_default,cached_powers_Q,18,20,0.670,BalancedZippelSeparated
fire7_nb0_rank1626,Automatic,1,ok,627.953,90,2,1,0,0,2305843009213693967:87;2305843009213693973:3,Symbolica_default,cached_powers_Q,24,21,0.425,BalancedZippelSeparated
fire7_nb0_rank1627,Automatic,1,ok,530.252,120,2,1,0,0,2305843009213693967:117;2305843009213693973:3,Symbolica_default,cached_powers_Q,27,18,0.520,BalancedZippelSeparated
fire7_nb0_rank1628,Automatic,1,ok,616.802,91,2,1,0,0,2305843009213693967:88;2305843009213693973:3,Symbolica_default,cached_powers_Q,34,6,0.314,BalancedZippelSeparated
fire7_nb0_rank1629,Automatic,1,ok,505.222,88,2,1,0,0,2305843009213693967:85;2305843009213693973:3,Symbolica_default,cached_powers_Q,15,27,0.470,BalancedZippelSeparated
fire7_nb0_rank1630,Automatic,1,ok,756.083,99,2,1,0,0,2305843009213693967:96;2305843009213693973:3,Symbolica_default,cached_powers_Q,28,12,0.360,BalancedZippelSeparated
fire7_nb0_rank1631,Automatic,1,ok,780.663,74,2,1,0,0,2305843009213693967:71;2305843009213693973:3,Symbolica_default,cached_powers_Q,28,12,0.649,BalancedZippelSeparated
fire7_nb0_rank1632,Automatic,1,ok,432.001,75,2,1,0,0,2305843009213693967:72;2305843009213693973:3,Symbolica_default,cached_powers_Q,24,9,0.356,BalancedZippelSeparated
fire7_nb0_rank1633,Automatic,1,ok,479.912,92,2,1,0,0,2305843009213693967:89;2305843009213693973:3,Symbolica_default,cached_powers_Q,32,9,0.606,BalancedZippelSeparated
fire7_nb0_rank1634,Automatic,1,ok,616.372,75,2,1,0,0,2305843009213693967:72;2305843009213693973:3,Symbolica_default,cached_powers_Q,18,20,0.418,BalancedZippelSeparated
fire7_nb0_rank1635,Automatic,1,ok,579.992,69,2,1,0,0,2305843009213693967:66;2305843009213693973:3,Symbolica_default,cached_powers_Q,25,16,0.346,BalancedZippelSeparated
fire7_nb0_rank1636,Automatic,1,ok,599.632,96,2,1,0,0,2305843009213693967:93;2305843009213693973:3,Symbolica_default,cached_powers_Q,27,15,0.492,BalancedZippelSeparated
fire7_nb0_rank1637,Automatic,1,ok,593.532,83,2,1,0,0,2305843009213693967:80;2305843009213693973:3,Symbolica_default,cached_powers_Q,29,9,0.317,BalancedZippelSeparated
fire7_nb0_rank1638,Automatic,1,ok,885.763,114,2,1,0,0,2305843009213693967:111;2305843009213693973:3,Symbolica_default,cached_powers_Q,24,20,0.558,BalancedZippelSeparated
fire7_nb0_rank1639,Automatic,1,ok,571.312,79,2,1,0,0,2305843009213693967:76;2305843009213693973:3,Symbolica_default,cached_powers_Q,24,9,0.442,BalancedZippelSeparated
fire7_nb0_rank1640,Automatic,1,ok,501.781,96,2,1,0,0,2305843009213693967:93;2305843009213693973:3,Symbolica_default,cached_powers_Q,31,10,0.494,BalancedZippelSeparated
fire7_nb0_rank1641,Automatic,1,ok,555.772,73,2,1,0,0,2305843009213693967:70;2305843009213693973:3,Symbolica_default,cached_powers_Q,29,9,0.346,BalancedZippelSeparated
fire7_nb0_rank1642,Automatic,1,ok,450.551,73,2,1,0,0,2305843009213693967:70;2305843009213693973:3,Symbolica_default,cached_powers_Q,29,9,0.432,BalancedZippelSeparated
fire7_nb0_rank1643,Automatic,1,ok,700.282,77,2,1,0,0,2305843009213693967:74;2305843009213693973:3,Symbolica_default,cached_powers_Q,30,9,0.447,BalancedZippelSeparated
fire7_nb0_rank1644,Automatic,1,ok,730.823,79,2,1,0,0,2305843009213693967:76;2305843009213693973:3,Symbolica_default,cached_powers_Q,29,9,0.642,BalancedZippelSeparated
fire7_nb0_rank1645,Automatic,1,ok,948.514,93,2,1,0,0,2305843009213693967:90;2305843009213693973:3,Symbolica_default,cached_powers_Q,28,12,0.452,BalancedZippelSeparated
fire7_nb0_rank1646,Automatic,1,ok,813.053,100,2,1,0,0,2305843009213693967:97;2305843009213693973:3,Symbolica_default,cached_powers_Q,27,18,0.666,BalancedZippelSeparated
fire7_nb0_rank1647,Automatic,1,ok,665.933,110,2,1,0,0,2305843009213693967:107;2305843009213693973:3,Symbolica_default,cached_powers_Q,5,36,0.572,BalancedZippelSeparated
fire7_nb0_rank1648,Automatic,1,ok,694.853,120,2,1,0,0,2305843009213693967:117;2305843009213693973:3,Symbolica_default,cached_powers_Q,26,18,0.343,BalancedZippelSeparated
fire7_nb0_rank1649,Automatic,1,ok,627.082,84,2,1,0,0,2305843009213693967:81;2305843009213693973:3,Symbolica_default,cached_powers_Q,25,15,0.349,BalancedZippelSeparated
fire7_nb0_rank1650,Automatic,1,ok,390.091,71,2,1,0,0,2305843009213693967:68;2305843009213693973:3,Symbolica_default,cached_powers_Q,21,18,0.475,BalancedZippelSeparated
fire7_nb0_rank1651,Automatic,1,ok,466.861,92,2,1,0,0,2305843009213693967:89;2305843009213693973:3,Symbolica_default,cached_powers_Q,28,10,0.442,BalancedZippelSeparated
fire7_nb0_rank1652,Automatic,1,ok,723.702,76,2,1,0,0,2305843009213693967:73;2305843009213693973:3,Symbolica_default,cached_powers_Q,30,8,0.619,BalancedZippelSeparated
fire7_nb0_rank1653,Automatic,1,ok,821.252,99,2,1,0,0,2305843009213693967:96;2305843009213693973:3,Symbolica_default,cached_powers_Q,36,6,0.452,BalancedZippelSeparated
fire7_nb0_rank1654,Automatic,1,ok,758.752,122,2,1,0,0,2305843009213693967:119;2305843009213693973:3,Symbolica_default,cached_powers_Q,39,3,0.420,BalancedZippelSeparated
fire7_nb0_rank1655,Automatic,1,ok,445.072,88,2,1,0,0,2305843009213693967:85;2305843009213693973:3,Symbolica_default,cached_powers_Q,24,18,0.367,BalancedZippelSeparated
fire7_nb0_rank1656,Automatic,1,ok,549.102,109,2,1,0,0,2305843009213693967:106;2305843009213693973:3,Symbolica_default,cached_powers_Q,29,12,0.334,BalancedZippelSeparated
fire7_nb0_rank1657,Automatic,1,ok,489.442,95,2,1,0,0,2305843009213693967:92;2305843009213693973:3,Symbolica_default,cached_powers_Q,15,27,0.495,BalancedZippelSeparated
fire7_nb0_rank1658,Automatic,1,ok,444.221,96,2,1,0,0,2305843009213693967:93;2305843009213693973:3,Symbolica_default,cached_powers_Q,35,6,0.447,BalancedZippelSeparated
fire7_nb0_rank1659,Automatic,1,ok,643.422,97,2,1,0,0,2305843009213693967:94;2305843009213693973:3,Symbolica_default,cached_powers_Q,24,18,0.480,BalancedZippelSeparated
fire7_nb0_rank1660,Automatic,1,ok,808.433,82,2,1,0,0,2305843009213693967:79;2305843009213693973:3,Symbolica_default,cached_powers_Q,20,24,0.666,BalancedZippelSeparated
fire7_nb0_rank1661,Automatic,1,ok,716.932,78,2,1,0,0,2305843009213693967:75;2305843009213693973:3,Symbolica_default,cached_powers_Q,30,8,0.606,BalancedZippelSeparated
fire7_nb0_rank1662,Automatic,1,ok,808.583,93,2,1,0,0,2305843009213693967:90;2305843009213693973:3,Symbolica_default,cached_powers_Q,15,27,0.662,BalancedZippelSeparated
fire7_nb0_rank1663,Automatic,1,ok,552.942,124,2,1,0,0,2305843009213693967:121;2305843009213693973:3,Symbolica_default,cached_powers_Q,30,14,0.345,BalancedZippelSeparated
fire7_nb0_rank1664,Automatic,1,ok,652.132,118,2,1,0,0,2305843009213693967:115;2305843009213693973:3,Symbolica_default,cached_powers_Q,30,14,0.358,BalancedZippelSeparated
fire7_nb0_rank1665,Automatic,1,ok,401.211,78,2,1,0,0,2305843009213693967:75;2305843009213693973:3,Symbolica_default,cached_powers_Q,30,4,0.392,BalancedZippelSeparated
fire7_nb0_rank1666,Automatic,1,ok,608.342,76,2,1,0,0,2305843009213693967:73;2305843009213693973:3,Symbolica_default,cached_powers_Q,25,15,0.339,BalancedZippelSeparated
fire7_nb0_rank1667,Automatic,1,ok,431.412,76,2,1,0,0,2305843009213693967:73;2305843009213693973:3,Symbolica_default,cached_powers_Q,25,15,0.500,BalancedZippelSeparated
fire7_nb0_rank1668,Automatic,1,ok,728.112,83,2,1,0,0,2305843009213693967:80;2305843009213693973:3,Symbolica_default,cached_powers_Q,30,9,0.445,BalancedZippelSeparated
fire7_nb0_rank1669,Automatic,1,ok,730.493,92,2,1,0,0,2305843009213693967:89;2305843009213693973:3,Symbolica_default,cached_powers_Q,27,12,0.487,BalancedZippelSeparated
fire7_nb0_rank1670,Automatic,1,ok,722.812,80,2,1,0,0,2305843009213693967:77;2305843009213693973:3,Symbolica_default,cached_powers_Q,30,8,0.594,BalancedZippelSeparated
fire7_nb0_rank1671,Automatic,1,ok,721.303,72,2,1,0,0,2305843009213693967:69;2305843009213693973:3,Symbolica_default,cached_powers_Q,25,10,0.612,BalancedZippelSeparated
fire7_nb0_rank1672,Automatic,1,ok,419.111,72,2,1,0,0,2305843009213693967:69;2305843009213693973:3,Symbolica_default,cached_powers_Q,20,16,0.316,BalancedZippelSeparated
fire7_nb0_rank1673,Automatic,1,ok,400.212,78,2,1,0,0,2305843009213693967:75;2305843009213693973:3,Symbolica_default,cached_powers_Q,28,9,0.400,BalancedZippelSeparated
fire7_nb0_rank1674,Automatic,1,ok,558.552,73,2,1,0,0,2305843009213693967:70;2305843009213693973:3,Symbolica_default,cached_powers_Q,28,9,0.339,BalancedZippelSeparated
fire7_nb0_rank1675,Automatic,1,ok,400.661,79,2,1,0,0,2305843009213693967:76;2305843009213693973:3,Symbolica_default,cached_powers_Q,28,9,0.340,BalancedZippelSeparated
fire7_nb0_rank1676,Automatic,1,ok,400.651,76,2,1,0,0,2305843009213693967:73;2305843009213693973:3,Symbolica_default,cached_powers_Q,22,10,0.319,BalancedZippelSeparated
fire7_nb0_rank1677,Automatic,1,ok,800.273,85,2,1,0,0,2305843009213693967:82;2305843009213693973:3,Symbolica_default,cached_powers_Q,18,18,0.408,BalancedZippelSeparated
fire7_nb0_rank1678,Automatic,1,ok,779.963,82,2,1,0,0,2305843009213693967:79;2305843009213693973:3,Symbolica_default,cached_powers_Q,24,15,0.638,BalancedZippelSeparated
fire7_nb0_rank1679,Automatic,1,ok,615.873,93,2,1,0,0,2305843009213693967:90;2305843009213693973:3,Symbolica_default,cached_powers_Q,14,27,0.592,BalancedZippelSeparated
fire7_nb0_rank1680,Automatic,1,ok,447.562,80,2,1,0,0,2305843009213693967:77;2305843009213693973:3,Symbolica_default,cached_powers_Q,7,24,0.385,BalancedZippelSeparated
fire7_nb0_rank1681,Automatic,1,ok,617.302,80,2,1,0,0,2305843009213693967:77;2305843009213693973:3,Symbolica_default,cached_powers_Q,15,28,0.337,BalancedZippelSeparated
fire7_nb0_rank1682,Automatic,1,ok,462.302,73,2,1,0,0,2305843009213693967:70;2305843009213693973:3,Symbolica_default,cached_powers_Q,28,9,0.343,BalancedZippelSeparated
fire7_nb0_rank1683,Automatic,1,ok,564.532,89,2,1,0,0,2305843009213693967:86;2305843009213693973:3,Symbolica_default,cached_powers_Q,32,6,0.312,BalancedZippelSeparated
fire7_nb0_rank1684,Automatic,1,ok,401.901,78,2,1,0,0,2305843009213693967:75;2305843009213693973:3,Symbolica_default,cached_powers_Q,28,9,0.473,BalancedZippelSeparated
fire7_nb0_rank1685,Automatic,1,ok,556.482,72,2,1,0,0,2305843009213693967:69;2305843009213693973:3,Symbolica_default,cached_powers_Q,28,8,0.318,BalancedZippelSeparated
fire7_nb0_rank1686,Automatic,1,ok,486.732,89,2,1,0,0,2305843009213693967:86;2305843009213693973:3,Symbolica_default,cached_powers_Q,32,6,0.510,BalancedZippelSeparated
fire7_nb0_rank1687,Automatic,1,ok,692.512,76,2,1,0,0,2305843009213693967:73;2305843009213693973:3,Symbolica_default,cached_powers_Q,22,10,0.430,BalancedZippelSeparated
fire7_nb0_rank1688,Automatic,1,ok,1069.363,117,2,1,0,0,2305843009213693967:114;2305843009213693973:3,Symbolica_default,cached_powers_Q,24,18,0.471,BalancedZippelSeparated
fire7_nb0_rank1689,Automatic,1,ok,408.141,69,2,1,0,0,2305843009213693967:66;2305843009213693973:3,Symbolica_default,cached_powers_Q,15,20,0.306,BalancedZippelSeparated
fire7_nb0_rank1690,Automatic,1,ok,412.532,69,2,1,0,0,2305843009213693967:66;2305843009213693973:3,Symbolica_default,cached_powers_Q,15,20,0.310,BalancedZippelSeparated
fire7_nb0_rank1691,Automatic,1,ok,604.291,82,2,1,0,0,2305843009213693967:79;2305843009213693973:3,Symbolica_default,cached_powers_Q,24,15,0.336,BalancedZippelSeparated
fire7_nb0_rank1692,Automatic,1,ok,443.822,86,2,1,0,0,2305843009213693967:83;2305843009213693973:3,Symbolica_default,cached_powers_Q,24,18,0.359,BalancedZippelSeparated
fire7_nb0_rank1693,Automatic,1,ok,358.961,92,2,1,0,0,2305843009213693967:89;2305843009213693973:3,Symbolica_default,cached_powers_Q,32,5,0.296,BalancedZippelSeparated
fire7_nb0_rank1694,Automatic,1,ok,570.382,83,2,1,0,0,2305843009213693967:80;2305843009213693973:3,Symbolica_default,cached_powers_Q,29,9,0.323,BalancedZippelSeparated
fire7_nb0_rank1695,Automatic,1,ok,472.941,92,2,1,0,0,2305843009213693967:89;2305843009213693973:3,Symbolica_default,cached_powers_Q,25,12,0.318,BalancedZippelSeparated
fire7_nb0_rank1696,Automatic,1,ok,410.021,81,2,1,0,0,2305843009213693967:78;2305843009213693973:3,Symbolica_default,cached_powers_Q,30,8,0.354,BalancedZippelSeparated
fire7_nb0_rank1697,Automatic,1,ok,682.992,98,2,1,0,0,2305843009213693967:95;2305843009213693973:3,Symbolica_default,cached_powers_Q,16,27,0.352,BalancedZippelSeparated
fire7_nb0_rank1698,Automatic,1,ok,475.902,69,2,1,0,0,2305843009213693967:66;2305843009213693973:3,Symbolica_default,cached_powers_Q,25,9,0.326,BalancedZippelSeparated
fire7_nb0_rank1699,Automatic,1,ok,803.313,88,2,1,0,0,2305843009213693967:85;2305843009213693973:3,Symbolica_default,cached_powers_Q,25,12,0.343,BalancedZippelSeparated
fire7_nb0_rank1700,Automatic,1,ok,430.791,84,2,1,0,0,2305843009213693967:81;2305843009213693973:3,Symbolica_default,cached_powers_Q,32,4,0.314,BalancedZippelSeparated
fire7_nb0_rank1701,Automatic,1,ok,584.191,86,2,1,0,0,2305843009213693967:83;2305843009213693973:3,Symbolica_default,cached_powers_Q,24,15,0.328,BalancedZippelSeparated
fire7_nb0_rank1702,Automatic,1,ok,586.582,79,2,1,0,0,2305843009213693967:76;2305843009213693973:3,Symbolica_default,cached_powers_Q,25,12,0.323,BalancedZippelSeparated
fire7_nb0_rank1703,Automatic,1,ok,553.741,74,2,1,0,0,2305843009213693967:71;2305843009213693973:3,Symbolica_default,cached_powers_Q,15,21,0.334,BalancedZippelSeparated
fire7_nb0_rank1704,Automatic,1,ok,629.372,85,2,1,0,0,2305843009213693967:82;2305843009213693973:3,Symbolica_default,cached_powers_Q,18,21,0.320,BalancedZippelSeparated
fire7_nb0_rank1705,Automatic,1,ok,465.342,80,2,1,0,0,2305843009213693967:77;2305843009213693973:3,Symbolica_default,cached_powers_Q,15,21,0.474,BalancedZippelSeparated
fire7_nb0_rank1706,Automatic,1,ok,673.082,102,2,1,0,0,2305843009213693967:99;2305843009213693973:3,Symbolica_default,cached_powers_Q,17,18,0.311,BalancedZippelSeparated
fire7_nb0_rank1707,Automatic,1,ok,512.232,102,2,1,0,0,2305843009213693967:99;2305843009213693973:3,Symbolica_default,cached_powers_Q,17,18,0.308,BalancedZippelSeparated
fire7_nb0_rank1708,Automatic,1,ok,473.592,90,2,1,0,0,2305843009213693967:87;2305843009213693973:3,Symbolica_default,cached_powers_Q,25,12,0.348,BalancedZippelSeparated
fire7_nb0_rank1709,Automatic,1,ok,611.032,81,2,1,0,0,2305843009213693967:78;2305843009213693973:3,Symbolica_default,cached_powers_Q,31,6,0.336,BalancedZippelSeparated
fire7_nb0_rank1710,Automatic,1,ok,682.002,93,2,1,0,0,2305843009213693967:90;2305843009213693973:3,Symbolica_default,cached_powers_Q,20,18,0.311,BalancedZippelSeparated
fire7_nb0_rank1711,Automatic,1,ok,482.812,90,2,1,0,0,2305843009213693967:87;2305843009213693973:3,Symbolica_default,cached_powers_Q,25,12,0.337,BalancedZippelSeparated
fire7_nb0_rank1712,Automatic,1,ok,682.092,114,2,1,0,0,2305843009213693967:111;2305843009213693973:3,Symbolica_default,cached_powers_Q,27,14,0.329,BalancedZippelSeparated
fire7_nb0_rank1713,Automatic,1,ok,495.292,93,2,1,0,0,2305843009213693967:90;2305843009213693973:3,Symbolica_default,cached_powers_Q,20,18,0.325,BalancedZippelSeparated
fire7_nb0_rank1714,Automatic,1,ok,692.812,103,2,1,0,0,2305843009213693967:100;2305843009213693973:3,Symbolica_default,cached_powers_Q,27,14,0.516,BalancedZippelSeparated
fire7_nb0_rank1715,Automatic,1,ok,681.692,101,2,1,0,0,2305843009213693967:98;2305843009213693973:3,Symbolica_default,cached_powers_Q,25,12,0.335,BalancedZippelSeparated
fire7_nb0_rank1716,Automatic,1,ok,422.571,75,2,1,0,0,2305843009213693967:72;2305843009213693973:3,Symbolica_default,cached_powers_Q,18,20,0.303,BalancedZippelSeparated
fire7_nb0_rank1717,Automatic,1,ok,674.552,90,2,1,0,0,2305843009213693967:87;2305843009213693973:3,Symbolica_default,cached_powers_Q,25,12,0.339,BalancedZippelSeparated
fire7_nb0_rank1718,Automatic,1,ok,445.701,83,2,1,0,0,2305843009213693967:80;2305843009213693973:3,Symbolica_default,cached_powers_Q,18,18,0.392,BalancedZippelSeparated
fire7_nb0_rank1719,Automatic,1,ok,562.211,83,2,1,0,0,2305843009213693967:80;2305843009213693973:3,Symbolica_default,cached_powers_Q,18,18,0.311,BalancedZippelSeparated
fire7_nb0_rank1720,Automatic,1,ok,615.972,91,2,1,0,0,2305843009213693967:88;2305843009213693973:3,Symbolica_default,cached_powers_Q,14,27,0.484,BalancedZippelSeparated
fire7_nb0_rank1721,Automatic,1,ok,660.913,90,2,1,0,0,2305843009213693967:87;2305843009213693973:3,Symbolica_default,cached_powers_Q,25,12,0.505,BalancedZippelSeparated
fire7_nb0_rank1722,Automatic,1,ok,498.452,86,2,1,0,0,2305843009213693967:83;2305843009213693973:3,Symbolica_default,cached_powers_Q,24,15,0.474,BalancedZippelSeparated
fire7_nb0_rank1723,Automatic,1,ok,457.242,70,2,1,0,0,2305843009213693967:67;2305843009213693973:3,Symbolica_default,cached_powers_Q,25,9,0.460,BalancedZippelSeparated
fire7_nb0_rank1724,Automatic,1,ok,453.141,68,2,1,0,0,2305843009213693967:65;2305843009213693973:3,Symbolica_default,cached_powers_Q,25,9,0.340,BalancedZippelSeparated
fire7_nb0_rank1725,Automatic,1,ok,678.732,97,2,1,0,0,2305843009213693967:94;2305843009213693973:3,Symbolica_default,cached_powers_Q,30,10,0.473,BalancedZippelSeparated
fire7_nb0_rank1726,Automatic,1,ok,448.932,73,2,1,0,0,2305843009213693967:70;2305843009213693973:3,Symbolica_default,cached_powers_Q,20,15,0.330,BalancedZippelSeparated
fire7_nb0_rank1727,Automatic,1,ok,674.812,93,2,1,0,0,2305843009213693967:90;2305843009213693973:3,Symbolica_default,cached_powers_Q,20,18,0.483,BalancedZippelSeparated
fire7_nb0_rank1728,Automatic,1,ok,636.972,86,2,1,0,0,2305843009213693967:83;2305843009213693973:3,Symbolica_default,cached_powers_Q,24,15,0.353,BalancedZippelSeparated
fire7_nb0_rank1729,Automatic,1,ok,620.072,74,2,1,0,0,2305843009213693967:71;2305843009213693973:3,Symbolica_default,cached_powers_Q,20,15,0.333,BalancedZippelSeparated
fire7_nb0_rank1730,Automatic,1,ok,653.653,97,2,1,0,0,2305843009213693967:94;2305843009213693973:3,Symbolica_default,cached_powers_Q,32,6,0.316,BalancedZippelSeparated
fire7_nb0_rank1731,Automatic,1,ok,489.341,82,2,1,0,0,2305843009213693967:79;2305843009213693973:3,Symbolica_default,cached_powers_Q,4,36,0.431,BalancedZippelSeparated
fire7_nb0_rank1732,Automatic,1,ok,413.952,74,2,1,0,0,2305843009213693967:71;2305843009213693973:3,Symbolica_default,cached_powers_Q,21,12,0.318,BalancedZippelSeparated
fire7_nb0_rank1733,Automatic,1,ok,374.952,68,2,1,0,0,2305843009213693967:65;2305843009213693973:3,Symbolica_default,cached_powers_Q,25,8,0.437,BalancedZippelSeparated
fire7_nb0_rank1734,Automatic,1,ok,765.613,81,2,1,0,0,2305843009213693967:78;2305843009213693973:3,Symbolica_default,cached_powers_Q,24,15,0.328,BalancedZippelSeparated
fire7_nb0_rank1735,Automatic,1,ok,424.542,82,2,1,0,0,2305843009213693967:79;2305843009213693973:3,Symbolica_default,cached_powers_Q,15,21,0.314,BalancedZippelSeparated
fire7_nb0_rank1736,Automatic,1,ok,406.361,87,2,1,0,0,2305843009213693967:84;2305843009213693973:3,Symbolica_default,cached_powers_Q,30,6,0.289,BalancedZippelSeparated
fire7_nb0_rank1737,Automatic,1,ok,697.663,112,2,1,0,0,2305843009213693967:109;2305843009213693973:3,Symbolica_default,cached_powers_Q,27,14,0.363,BalancedZippelSeparated
fire7_nb0_rank1738,Automatic,1,ok,389.101,70,2,1,0,0,2305843009213693967:67;2305843009213693973:3,Symbolica_default,cached_powers_Q,25,8,0.323,BalancedZippelSeparated
fire7_nb0_rank1739,Automatic,1,ok,709.433,149,2,1,0,0,2305843009213693967:146;2305843009213693973:3,Symbolica_default,cached_powers_Q,31,6,0.289,BalancedZippelSeparated
fire7_nb0_rank1740,Automatic,1,ok,611.842,83,2,1,0,0,2305843009213693967:80;2305843009213693973:3,Symbolica_default,cached_powers_Q,18,18,0.300,BalancedZippelSeparated
fire7_nb0_rank1741,Automatic,1,ok,468.481,83,2,1,0,0,2305843009213693967:80;2305843009213693973:3,Symbolica_default,cached_powers_Q,18,18,0.334,BalancedZippelSeparated
fire7_nb0_rank1742,Automatic,1,ok,592.282,75,2,1,0,0,2305843009213693967:72;2305843009213693973:3,Symbolica_default,cached_powers_Q,28,6,0.318,BalancedZippelSeparated
fire7_nb0_rank1743,Automatic,1,ok,605.622,134,2,1,0,0,2305843009213693967:131;2305843009213693973:3,Symbolica_default,cached_powers_Q,31,6,0.307,BalancedZippelSeparated
fire7_nb0_rank1744,Automatic,1,ok,596.262,94,2,1,0,0,2305843009213693967:91;2305843009213693973:3,Symbolica_default,cached_powers_Q,27,10,0.308,BalancedZippelSeparated
fire7_nb0_rank1745,Automatic,1,ok,690.152,93,2,1,0,0,2305843009213693967:90;2305843009213693973:3,Symbolica_default,cached_powers_Q,21,16,0.340,BalancedZippelSeparated
fire7_nb0_rank1746,Automatic,1,ok,680.133,103,2,1,0,0,2305843009213693967:100;2305843009213693973:3,Symbolica_default,cached_powers_Q,23,18,0.370,BalancedZippelSeparated
fire7_nb0_rank1747,Automatic,1,ok,526.952,71,2,1,0,0,2305843009213693967:68;2305843009213693973:3,Symbolica_default,cached_powers_Q,30,4,0.452,BalancedZippelSeparated
fire7_nb0_rank1748,Automatic,1,ok,488.472,85,2,1,0,0,2305843009213693967:82;2305843009213693973:3,Symbolica_default,cached_powers_Q,32,2,0.274,BalancedZippelSeparated
fire7_nb0_rank1749,Automatic,1,ok,516.162,103,2,1,0,0,2305843009213693967:100;2305843009213693973:3,Symbolica_default,cached_powers_Q,23,18,0.370,BalancedZippelSeparated
fire7_nb0_rank1750,Automatic,1,ok,560.492,69,2,1,0,0,2305843009213693967:66;2305843009213693973:3,Symbolica_default,cached_powers_Q,20,12,0.293,BalancedZippelSeparated
fire7_nb0_rank1751,Automatic,1,ok,347.821,73,2,1,0,0,2305843009213693967:70;2305843009213693973:3,Symbolica_default,cached_powers_Q,25,4,0.275,BalancedZippelSeparated
fire7_nb0_rank1752,Automatic,1,ok,650.242,86,2,1,0,0,2305843009213693967:83;2305843009213693973:3,Symbolica_default,cached_powers_Q,20,16,0.478,BalancedZippelSeparated
fire7_nb0_rank1753,Automatic,1,ok,318.492,69,2,1,0,0,2305843009213693967:66;2305843009213693973:3,Symbolica_default,cached_powers_Q,5,28,0.289,BalancedZippelSeparated
fire7_nb0_rank1754,Automatic,1,ok,603.992,78,2,1,0,0,2305843009213693967:75;2305843009213693973:3,Symbolica_default,cached_powers_Q,25,10,0.297,BalancedZippelSeparated
fire7_nb0_rank1755,Automatic,1,ok,628.702,87,2,1,0,0,2305843009213693967:84;2305843009213693973:3,Symbolica_default,cached_powers_Q,20,21,0.340,BalancedZippelSeparated
fire7_nb0_rank1756,Automatic,1,ok,441.231,95,2,1,0,0,2305843009213693967:92;2305843009213693973:3,Symbolica_default,cached_powers_Q,28,6,0.287,BalancedZippelSeparated
fire7_nb0_rank1757,Automatic,1,ok,486.042,105,2,1,0,0,2305843009213693967:102;2305843009213693973:3,Symbolica_default,cached_powers_Q,30,8,0.305,BalancedZippelSeparated
fire7_nb0_rank1758,Automatic,1,ok,582.152,90,2,1,0,0,2305843009213693967:87;2305843009213693973:3,Symbolica_default,cached_powers_Q,24,12,0.323,BalancedZippelSeparated
fire7_nb0_rank1759,Automatic,1,ok,568.442,85,2,1,0,0,2305843009213693967:82;2305843009213693973:3,Symbolica_default,cached_powers_Q,12,27,0.495,BalancedZippelSeparated
fire7_nb0_rank1760,Automatic,1,ok,665.562,88,2,1,0,0,2305843009213693967:85;2305843009213693973:3,Symbolica_default,cached_powers_Q,21,16,0.345,BalancedZippelSeparated
fire7_nb0_rank1761,Automatic,1,ok,481.272,93,2,1,0,0,2305843009213693967:90;2305843009213693973:3,Symbolica_default,cached_powers_Q,21,16,0.321,BalancedZippelSeparated
fire7_nb0_rank1762,Automatic,1,ok,562.252,87,2,1,0,0,2305843009213693967:84;2305843009213693973:3,Symbolica_default,cached_powers_Q,31,3,0.296,BalancedZippelSeparated
fire7_nb0_rank1763,Automatic,1,ok,458.172,90,2,1,0,0,2305843009213693967:87;2305843009213693973:3,Symbolica_default,cached_powers_Q,24,12,0.321,BalancedZippelSeparated
fire7_nb0_rank1764,Automatic,1,ok,636.603,90,2,1,0,0,2305843009213693967:87;2305843009213693973:3,Symbolica_default,cached_powers_Q,24,12,0.493,BalancedZippelSeparated
fire7_nb0_rank1765,Automatic,1,ok,632.462,76,2,1,0,0,2305843009213693967:73;2305843009213693973:3,Symbolica_default,cached_powers_Q,20,15,0.310,BalancedZippelSeparated
fire7_nb0_rank1766,Automatic,1,ok,976.503,149,2,1,0,0,2305843009213693967:146;2305843009213693973:3,Symbolica_default,cached_powers_Q,30,6,0.307,BalancedZippelSeparated
fire7_nb0_rank1767,Automatic,1,ok,555.153,72,2,1,0,0,2305843009213693967:69;2305843009213693973:3,Symbolica_default,cached_powers_Q,20,15,0.298,BalancedZippelSeparated
fire7_nb0_rank1768,Automatic,1,ok,421.542,74,2,1,0,0,2305843009213693967:71;2305843009213693973:3,Symbolica_default,cached_powers_Q,20,15,0.458,BalancedZippelSeparated
fire7_nb0_rank1769,Automatic,1,ok,415.191,72,2,1,0,0,2305843009213693967:69;2305843009213693973:3,Symbolica_default,cached_powers_Q,20,15,0.324,BalancedZippelSeparated
fire7_nb0_rank1770,Automatic,1,ok,430.171,76,2,1,0,0,2305843009213693967:73;2305843009213693973:3,Symbolica_default,cached_powers_Q,20,15,0.472,BalancedZippelSeparated
fire7_nb0_rank1771,Automatic,1,ok,455.021,75,2,1,0,0,2305843009213693967:72;2305843009213693973:3,Symbolica_default,cached_powers_Q,20,15,0.289,BalancedZippelSeparated
fire7_nb0_rank1772,Automatic,1,ok,569.332,72,2,1,0,0,2305843009213693967:69;2305843009213693973:3,Symbolica_default,cached_powers_Q,20,15,0.321,BalancedZippelSeparated
fire7_nb0_rank1773,Automatic,1,ok,619.632,72,2,1,0,0,2305843009213693967:69;2305843009213693973:3,Symbolica_default,cached_powers_Q,20,15,0.298,BalancedZippelSeparated
fire7_nb0_rank1774,Automatic,1,ok,603.022,76,2,1,0,0,2305843009213693967:73;2305843009213693973:3,Symbolica_default,cached_powers_Q,20,15,0.304,BalancedZippelSeparated
fire7_nb0_rank1775,Automatic,1,ok,424.452,72,2,1,0,0,2305843009213693967:69;2305843009213693973:3,Symbolica_default,cached_powers_Q,20,15,0.280,BalancedZippelSeparated
fire7_nb0_rank1776,Automatic,1,ok,631.312,95,2,1,0,0,2305843009213693967:92;2305843009213693973:3,Symbolica_default,cached_powers_Q,28,6,0.458,BalancedZippelSeparated
fire7_nb0_rank1777,Automatic,1,ok,604.442,73,2,1,0,0,2305843009213693967:70;2305843009213693973:3,Symbolica_default,cached_powers_Q,16,15,0.489,BalancedZippelSeparated
fire7_nb0_rank1778,Automatic,1,ok,627.862,80,2,1,0,0,2305843009213693967:77;2305843009213693973:3,Symbolica_default,cached_powers_Q,24,10,0.490,BalancedZippelSeparated
fire7_nb0_rank1779,Automatic,1,ok,589.392,70,2,1,0,0,2305843009213693967:67;2305843009213693973:3,Symbolica_default,cached_powers_Q,16,15,0.491,BalancedZippelSeparated
fire7_nb0_rank1780,Automatic,1,ok,705.172,129,2,1,0,0,2305843009213693967:126;2305843009213693973:3,Symbolica_default,cached_powers_Q,24,13,0.473,BalancedZippelSeparated
fire7_nb0_rank1781,Automatic,1,ok,416.042,71,2,1,0,0,2305843009213693967:68;2305843009213693973:3,Symbolica_default,cached_powers_Q,25,9,0.327,BalancedZippelSeparated
fire7_nb0_rank1782,Automatic,1,ok,574.373,71,2,1,0,0,2305843009213693967:68;2305843009213693973:3,Symbolica_default,cached_powers_Q,25,9,0.318,BalancedZippelSeparated
fire7_nb0_rank1783,Automatic,1,ok,451.862,75,2,1,0,0,2305843009213693967:72;2305843009213693973:3,Symbolica_default,cached_powers_Q,20,15,0.312,BalancedZippelSeparated
fire7_nb0_rank1784,Automatic,1,ok,449.691,88,2,1,0,0,2305843009213693967:85;2305843009213693973:3,Symbolica_default,cached_powers_Q,24,12,0.343,BalancedZippelSeparated
fire7_nb0_rank1785,Automatic,1,ok,655.572,94,2,1,0,0,2305843009213693967:91;2305843009213693973:3,Symbolica_default,cached_powers_Q,30,6,0.306,BalancedZippelSeparated
fire7_nb0_rank1786,Automatic,1,ok,460.841,87,2,1,0,0,2305843009213693967:84;2305843009213693973:3,Symbolica_default,cached_powers_Q,19,14,0.292,BalancedZippelSeparated
fire7_nb0_rank1787,Automatic,1,ok,445.722,71,2,1,0,0,2305843009213693967:68;2305843009213693973:3,Symbolica_default,cached_powers_Q,20,15,0.298,BalancedZippelSeparated
fire7_nb0_rank1788,Automatic,1,ok,593.852,71,2,1,0,0,2305843009213693967:68;2305843009213693973:3,Symbolica_default,cached_powers_Q,20,15,0.439,BalancedZippelSeparated
fire7_nb0_rank1789,Automatic,1,ok,675.212,99,2,1,0,0,2305843009213693967:96;2305843009213693973:3,Symbolica_default,cached_powers_Q,24,14,0.501,BalancedZippelSeparated
fire7_nb0_rank1790,Automatic,1,ok,644.183,75,2,1,0,0,2305843009213693967:72;2305843009213693973:3,Symbolica_default,cached_powers_Q,20,15,0.346,BalancedZippelSeparated
fire7_nb0_rank1791,Automatic,1,ok,627.482,88,2,1,0,0,2305843009213693967:85;2305843009213693973:3,Symbolica_default,cached_powers_Q,24,12,0.344,BalancedZippelSeparated
fire7_nb0_rank1792,Automatic,1,ok,636.742,88,2,1,0,0,2305843009213693967:85;2305843009213693973:3,Symbolica_default,cached_powers_Q,24,12,0.350,BalancedZippelSeparated
fire7_nb0_rank1793,Automatic,1,ok,468.061,68,2,1,0,0,2305843009213693967:65;2305843009213693973:3,Symbolica_default,cached_powers_Q,20,15,0.446,BalancedZippelSeparated
fire7_nb0_rank1794,Automatic,1,ok,709.733,116,2,1,0,0,2305843009213693967:113;2305843009213693973:3,Symbolica_default,cached_powers_Q,24,14,0.531,BalancedZippelSeparated
fire7_nb0_rank1795,Automatic,1,ok,650.413,90,2,1,0,0,2305843009213693967:87;2305843009213693973:3,Symbolica_default,cached_powers_Q,24,12,0.346,BalancedZippelSeparated
fire7_nb0_rank1796,Automatic,1,ok,661.652,75,2,1,0,0,2305843009213693967:72;2305843009213693973:3,Symbolica_default,cached_powers_Q,20,15,0.352,BalancedZippelSeparated
fire7_nb0_rank1797,Automatic,1,ok,457.252,88,2,1,0,0,2305843009213693967:85;2305843009213693973:3,Symbolica_default,cached_powers_Q,24,12,0.332,BalancedZippelSeparated
fire7_nb0_rank1798,Automatic,1,ok,415.211,78,2,1,0,0,2305843009213693967:75;2305843009213693973:3,Symbolica_default,cached_powers_Q,16,15,0.306,BalancedZippelSeparated
fire7_nb0_rank1799,Automatic,1,ok,415.941,71,2,1,0,0,2305843009213693967:68;2305843009213693973:3,Symbolica_default,cached_powers_Q,20,15,0.309,BalancedZippelSeparated
fire7_nb0_rank1800,Automatic,1,ok,402.941,72,2,1,0,0,2305843009213693967:69;2305843009213693973:3,Symbolica_default,cached_powers_Q,25,9,0.292,BalancedZippelSeparated
fire7_nb0_rank1801,Automatic,1,ok,477.641,88,2,1,0,0,2305843009213693967:85;2305843009213693973:3,Symbolica_default,cached_powers_Q,24,12,0.528,BalancedZippelSeparated
fire7_nb0_rank1802,Automatic,1,ok,613.032,80,2,1,0,0,2305843009213693967:77;2305843009213693973:3,Symbolica_default,cached_powers_Q,13,21,0.332,BalancedZippelSeparated
fire7_nb0_rank1803,Automatic,1,ok,408.491,71,2,1,0,0,2305843009213693967:68;2305843009213693973:3,Symbolica_default,cached_powers_Q,24,9,0.492,BalancedZippelSeparated
fire7_nb0_rank1804,Automatic,1,ok,617.842,77,2,1,0,0,2305843009213693967:74;2305843009213693973:3,Symbolica_default,cached_powers_Q,24,10,0.330,BalancedZippelSeparated
fire7_nb0_rank1805,Automatic,1,ok,614.272,88,2,1,0,0,2305843009213693967:85;2305843009213693973:3,Symbolica_default,cached_powers_Q,24,12,0.323,BalancedZippelSeparated
fire7_nb0_rank1806,Automatic,1,ok,464.952,85,2,1,0,0,2305843009213693967:82;2305843009213693973:3,Symbolica_default,cached_powers_Q,24,10,0.514,BalancedZippelSeparated
fire7_nb0_rank1807,Automatic,1,ok,418.042,80,2,1,0,0,2305843009213693967:77;2305843009213693973:3,Symbolica_default,cached_powers_Q,27,10,0.479,BalancedZippelSeparated
fire7_nb0_rank1808,Automatic,1,ok,630.672,68,2,1,0,0,2305843009213693967:65;2305843009213693973:3,Symbolica_default,cached_powers_Q,20,15,0.331,BalancedZippelSeparated
fire7_nb0_rank1809,Automatic,1,ok,401.122,67,2,1,0,0,2305843009213693967:64;2305843009213693973:3,Symbolica_default,cached_powers_Q,15,20,0.450,BalancedZippelSeparated
fire7_nb0_rank1810,Automatic,1,ok,514.452,112,2,1,0,0,2305843009213693967:109;2305843009213693973:3,Symbolica_default,cached_powers_Q,26,14,0.490,BalancedZippelSeparated
fire7_nb0_rank1811,Automatic,1,ok,415.272,73,2,1,0,0,2305843009213693967:70;2305843009213693973:3,Symbolica_default,cached_powers_Q,23,9,0.305,BalancedZippelSeparated
fire7_nb0_rank1812,Automatic,1,ok,430.832,68,2,1,0,0,2305843009213693967:65;2305843009213693973:3,Symbolica_default,cached_powers_Q,20,15,0.512,BalancedZippelSeparated
fire7_nb0_rank1813,Automatic,1,ok,607.522,71,2,1,0,0,2305843009213693967:68;2305843009213693973:3,Symbolica_default,cached_powers_Q,20,15,0.300,BalancedZippelSeparated
fire7_nb0_rank1814,Automatic,1,ok,589.491,86,2,1,0,0,2305843009213693967:83;2305843009213693973:3,Symbolica_default,cached_powers_Q,27,6,0.358,BalancedZippelSeparated
fire7_nb0_rank1815,Automatic,1,ok,362.851,65,2,1,0,0,2305843009213693967:62;2305843009213693973:3,Symbolica_default,cached_powers_Q,17,15,0.311,BalancedZippelSeparated
fire7_nb0_rank1816,Automatic,1,ok,617.712,71,2,1,0,0,2305843009213693967:68;2305843009213693973:3,Symbolica_default,cached_powers_Q,20,15,0.426,BalancedZippelSeparated
fire7_nb0_rank1817,Automatic,1,ok,633.393,75,2,1,0,0,2305843009213693967:72;2305843009213693973:3,Symbolica_default,cached_powers_Q,20,15,0.331,BalancedZippelSeparated
fire7_nb0_rank1818,Automatic,1,ok,445.081,75,2,1,0,0,2305843009213693967:72;2305843009213693973:3,Symbolica_default,cached_powers_Q,19,15,0.319,BalancedZippelSeparated
fire7_nb0_rank1819,Automatic,1,ok,406.651,92,2,1,0,0,2305843009213693967:89;2305843009213693973:3,Symbolica_default,cached_powers_Q,27,8,0.460,BalancedZippelSeparated
fire7_nb0_rank1820,Automatic,1,ok,423.812,68,2,1,0,0,2305843009213693967:65;2305843009213693973:3,Symbolica_default,cached_powers_Q,20,15,0.304,BalancedZippelSeparated
fire7_nb0_rank1821,Automatic,1,ok,376.222,75,2,1,0,0,2305843009213693967:72;2305843009213693973:3,Symbolica_default,cached_powers_Q,22,5,0.447,BalancedZippelSeparated
fire7_nb0_rank1822,Automatic,1,ok,430.322,72,2,1,0,0,2305843009213693967:69;2305843009213693973:3,Symbolica_default,cached_powers_Q,20,15,0.295,BalancedZippelSeparated
fire7_nb0_rank1823,Automatic,1,ok,652.742,77,2,1,0,0,2305843009213693967:74;2305843009213693973:3,Symbolica_default,cached_powers_Q,24,10,0.479,BalancedZippelSeparated
fire7_nb0_rank1824,Automatic,1,ok,617.442,85,2,1,0,0,2305843009213693967:82;2305843009213693973:3,Symbolica_default,cached_powers_Q,24,10,0.318,BalancedZippelSeparated
fire7_nb0_rank1825,Automatic,1,ok,535.942,72,2,1,0,0,2305843009213693967:69;2305843009213693973:3,Symbolica_default,cached_powers_Q,25,6,0.276,BalancedZippelSeparated
fire7_nb0_rank1826,Automatic,1,ok,358.731,62,2,1,0,0,2305843009213693967:59;2305843009213693973:3,Symbolica_default,cached_powers_Q,20,12,0.467,BalancedZippelSeparated
fire7_nb0_rank1827,Automatic,1,ok,548.141,62,2,1,0,0,2305843009213693967:59;2305843009213693973:3,Symbolica_default,cached_powers_Q,20,12,0.297,BalancedZippelSeparated
fire7_nb0_rank1828,Automatic,1,ok,417.112,82,2,1,0,0,2305843009213693967:79;2305843009213693973:3,Symbolica_default,cached_powers_Q,24,6,0.456,BalancedZippelSeparated
fire7_nb0_rank1829,Automatic,1,ok,702.253,99,2,1,0,0,2305843009213693967:96;2305843009213693973:3,Symbolica_default,cached_powers_Q,23,14,0.325,BalancedZippelSeparated
fire7_nb0_rank1830,Automatic,1,ok,376.221,75,2,1,0,0,2305843009213693967:72;2305843009213693973:3,Symbolica_default,cached_powers_Q,22,5,0.260,BalancedZippelSeparated
fire7_nb0_rank1831,Automatic,1,ok,646.363,93,2,1,0,0,2305843009213693967:90;2305843009213693973:3,Symbolica_default,cached_powers_Q,27,10,0.335,BalancedZippelSeparated
fire7_nb0_rank1832,Automatic,1,ok,580.771,72,2,1,0,0,2305843009213693967:69;2305843009213693973:3,Symbolica_default,cached_powers_Q,25,6,0.448,BalancedZippelSeparated
fire7_nb0_rank1833,Automatic,1,ok,533.152,96,2,1,0,0,2305843009213693967:93;2305843009213693973:3,Symbolica_default,cached_powers_Q,6,27,0.279,BalancedZippelSeparated
fire7_nb0_rank1834,Automatic,1,ok,496.501,87,2,1,0,0,2305843009213693967:84;2305843009213693973:3,Symbolica_default,cached_powers_Q,29,3,0.327,BalancedZippelSeparated
fire7_nb0_rank1835,Automatic,1,ok,550.232,62,2,1,0,0,2305843009213693967:59;2305843009213693973:3,Symbolica_default,cached_powers_Q,20,8,0.307,BalancedZippelSeparated
fire7_nb0_rank1836,Automatic,1,ok,589.262,77,2,1,0,0,2305843009213693967:74;2305843009213693973:3,Symbolica_default,cached_powers_Q,22,10,0.353,BalancedZippelSeparated
fire7_nb0_rank1837,Automatic,1,ok,466.162,122,2,1,0,0,2305843009213693967:119;2305843009213693973:3,Symbolica_default,cached_powers_Q,26,9,0.365,BalancedZippelSeparated
fire7_nb0_rank1838,Automatic,1,ok,454.161,100,2,1,0,0,2305843009213693967:97;2305843009213693973:3,Symbolica_default,cached_powers_Q,27,6,0.315,BalancedZippelSeparated
fire7_nb0_rank1839,Automatic,1,ok,414.061,70,2,1,0,0,2305843009213693967:67;2305843009213693973:3,Symbolica_default,cached_powers_Q,16,15,0.313,BalancedZippelSeparated
fire7_nb0_rank1840,Automatic,1,ok,348.091,63,2,1,0,0,2305843009213693967:60;2305843009213693973:3,Symbolica_default,cached_powers_Q,20,8,0.440,BalancedZippelSeparated
fire7_nb0_rank1841,Automatic,1,ok,549.692,87,2,1,0,0,2305843009213693967:84;2305843009213693973:3,Symbolica_default,cached_powers_Q,24,9,0.353,BalancedZippelSeparated
fire7_nb0_rank1842,Automatic,1,ok,609.302,89,2,1,0,0,2305843009213693967:86;2305843009213693973:3,Symbolica_default,cached_powers_Q,21,14,0.367,BalancedZippelSeparated
fire7_nb0_rank1843,Automatic,1,ok,618.072,93,2,1,0,0,2305843009213693967:90;2305843009213693973:3,Symbolica_default,cached_powers_Q,27,10,0.457,BalancedZippelSeparated
fire7_nb0_rank1844,Automatic,1,ok,499.541,75,2,1,0,0,2305843009213693967:72;2305843009213693973:3,Symbolica_default,cached_powers_Q,23,9,0.459,BalancedZippelSeparated
fire7_nb0_rank1845,Automatic,1,ok,495.862,100,2,1,0,0,2305843009213693967:97;2305843009213693973:3,Symbolica_default,cached_powers_Q,16,20,0.468,BalancedZippelSeparated
fire7_nb0_rank1846,Automatic,1,ok,521.491,64,2,1,0,0,2305843009213693967:61;2305843009213693973:3,Symbolica_default,cached_powers_Q,20,9,0.319,BalancedZippelSeparated
fire7_nb0_rank1847,Automatic,1,ok,362.972,64,2,1,0,0,2305843009213693967:61;2305843009213693973:3,Symbolica_default,cached_powers_Q,20,9,0.311,BalancedZippelSeparated
fire7_nb0_rank1848,Automatic,1,ok,411.891,75,2,1,0,0,2305843009213693967:72;2305843009213693973:3,Symbolica_default,cached_powers_Q,25,6,0.310,BalancedZippelSeparated
fire7_nb0_rank1849,Automatic,1,ok,403.521,84,2,1,0,0,2305843009213693967:81;2305843009213693973:3,Symbolica_default,cached_powers_Q,23,15,0.334,BalancedZippelSeparated
fire7_nb0_rank1850,Automatic,1,ok,441.111,95,2,1,0,0,2305843009213693967:92;2305843009213693973:3,Symbolica_default,cached_powers_Q,27,9,0.437,BalancedZippelSeparated
fire7_nb0_rank1851,Automatic,1,ok,422.601,73,2,1,0,0,2305843009213693967:70;2305843009213693973:3,Symbolica_default,cached_powers_Q,12,24,0.362,BalancedZippelSeparated
fire7_nb0_rank1852,Automatic,1,ok,525.512,66,2,1,0,0,2305843009213693967:63;2305843009213693973:3,Symbolica_default,cached_powers_Q,25,6,0.318,BalancedZippelSeparated
fire7_nb0_rank1853,Automatic,1,ok,407.471,78,2,1,0,0,2305843009213693967:75;2305843009213693973:3,Symbolica_default,cached_powers_Q,12,24,0.472,BalancedZippelSeparated
fire7_nb0_rank1854,Automatic,1,ok,585.102,71,2,1,0,0,2305843009213693967:68;2305843009213693973:3,Symbolica_default,cached_powers_Q,25,6,0.302,BalancedZippelSeparated
fire7_nb0_rank1855,Automatic,1,ok,606.572,78,2,1,0,0,2305843009213693967:75;2305843009213693973:3,Symbolica_default,cached_powers_Q,12,24,0.354,BalancedZippelSeparated
fire7_nb0_rank1856,Automatic,1,ok,386.962,91,2,1,0,0,2305843009213693967:88;2305843009213693973:3,Symbolica_default,cached_powers_Q,27,8,0.278,BalancedZippelSeparated
fire7_nb0_rank1857,Automatic,1,ok,431.782,71,2,1,0,0,2305843009213693967:68;2305843009213693973:3,Symbolica_default,cached_powers_Q,15,15,0.418,BalancedZippelSeparated
fire7_nb0_rank1858,Automatic,1,ok,370.751,69,2,1,0,0,2305843009213693967:66;2305843009213693973:3,Symbolica_default,cached_powers_Q,15,15,0.308,BalancedZippelSeparated
fire7_nb0_rank1859,Automatic,1,ok,626.352,80,2,1,0,0,2305843009213693967:77;2305843009213693973:3,Symbolica_default,cached_powers_Q,20,12,0.335,BalancedZippelSeparated
fire7_nb0_rank1860,Automatic,1,ok,511.612,62,2,1,0,0,2305843009213693967:59;2305843009213693973:3,Symbolica_default,cached_powers_Q,19,12,0.440,BalancedZippelSeparated
fire7_nb0_rank1861,Automatic,1,ok,492.221,98,2,1,0,0,2305843009213693967:95;2305843009213693973:3,Symbolica_default,cached_powers_Q,24,14,0.331,BalancedZippelSeparated
fire7_nb0_rank1862,Automatic,1,ok,525.441,64,2,1,0,0,2305843009213693967:61;2305843009213693973:3,Symbolica_default,cached_powers_Q,19,12,0.314,BalancedZippelSeparated
fire7_nb0_rank1863,Automatic,1,ok,342.652,64,2,1,0,0,2305843009213693967:61;2305843009213693973:3,Symbolica_default,cached_powers_Q,19,12,0.431,BalancedZippelSeparated
fire7_nb0_rank1864,Automatic,1,ok,570.032,68,2,1,0,0,2305843009213693967:65;2305843009213693973:3,Symbolica_default,cached_powers_Q,24,6,0.342,BalancedZippelSeparated
fire7_nb0_rank1865,Automatic,1,ok,617.992,81,2,1,0,0,2305843009213693967:78;2305843009213693973:3,Symbolica_default,cached_powers_Q,24,10,0.474,BalancedZippelSeparated
fire7_nb0_rank1866,Automatic,1,ok,488.611,92,2,1,0,0,2305843009213693967:89;2305843009213693973:3,Symbolica_default,cached_powers_Q,5,27,0.291,BalancedZippelSeparated
fire7_nb0_rank1867,Automatic,1,ok,542.552,74,2,1,0,0,2305843009213693967:71;2305843009213693973:3,Symbolica_default,cached_powers_Q,24,6,0.455,BalancedZippelSeparated
fire7_nb0_rank1868,Automatic,1,ok,478.401,103,2,1,0,0,2305843009213693967:100;2305843009213693973:3,Symbolica_default,cached_powers_Q,23,14,0.506,BalancedZippelSeparated
fire7_nb0_rank1869,Automatic,1,ok,402.841,75,2,1,0,0,2305843009213693967:72;2305843009213693973:3,Symbolica_default,cached_powers_Q,24,10,0.327,BalancedZippelSeparated
fire7_nb0_rank1870,Automatic,1,ok,374.181,69,2,1,0,0,2305843009213693967:66;2305843009213693973:3,Symbolica_default,cached_powers_Q,15,15,0.309,BalancedZippelSeparated
fire7_nb0_rank1871,Automatic,1,ok,563.212,67,2,1,0,0,2305843009213693967:64;2305843009213693973:3,Symbolica_default,cached_powers_Q,15,15,0.330,BalancedZippelSeparated
fire7_nb0_rank1872,Automatic,1,ok,510.532,69,2,1,0,0,2305843009213693967:66;2305843009213693973:3,Symbolica_default,cached_powers_Q,15,15,0.310,BalancedZippelSeparated
fire7_nb0_rank1873,Automatic,1,ok,392.191,67,2,1,0,0,2305843009213693967:64;2305843009213693973:3,Symbolica_default,cached_powers_Q,15,15,0.457,BalancedZippelSeparated
fire7_nb0_rank1874,Automatic,1,ok,386.712,66,2,1,0,0,2305843009213693967:63;2305843009213693973:3,Symbolica_default,cached_powers_Q,12,15,0.450,BalancedZippelSeparated
fire7_nb0_rank1875,Automatic,1,ok,379.871,70,2,1,0,0,2305843009213693967:67;2305843009213693973:3,Symbolica_default,cached_powers_Q,16,15,0.318,BalancedZippelSeparated
fire7_nb0_rank1876,Automatic,1,ok,387.941,71,2,1,0,0,2305843009213693967:68;2305843009213693973:3,Symbolica_default,cached_powers_Q,15,15,0.326,BalancedZippelSeparated
fire7_nb0_rank1877,Automatic,1,ok,335.581,63,2,1,0,0,2305843009213693967:60;2305843009213693973:3,Symbolica_default,cached_powers_Q,16,15,0.324,BalancedZippelSeparated
fire7_nb0_rank1878,Automatic,1,ok,625.922,86,2,1,0,0,2305843009213693967:83;2305843009213693973:3,Symbolica_default,cached_powers_Q,25,6,0.326,BalancedZippelSeparated
fire7_nb0_rank1879,Automatic,1,ok,366.911,71,2,1,0,0,2305843009213693967:68;2305843009213693973:3,Symbolica_default,cached_powers_Q,19,6,0.284,BalancedZippelSeparated
fire7_nb0_rank1880,Automatic,1,ok,613.132,85,2,1,0,0,2305843009213693967:82;2305843009213693973:3,Symbolica_default,cached_powers_Q,20,14,0.450,BalancedZippelSeparated
fire7_nb0_rank1881,Automatic,1,ok,371.401,69,2,1,0,0,2305843009213693967:66;2305843009213693973:3,Symbolica_default,cached_powers_Q,15,15,0.280,BalancedZippelSeparated
fire7_nb0_rank1882,Automatic,1,ok,513.882,67,2,1,0,0,2305843009213693967:64;2305843009213693973:3,Symbolica_default,cached_powers_Q,15,15,0.296,BalancedZippelSeparated
fire7_nb0_rank1883,Automatic,1,ok,333.241,61,2,1,0,0,2305843009213693967:58;2305843009213693973:3,Symbolica_default,cached_powers_Q,16,15,0.460,BalancedZippelSeparated
fire7_nb0_rank1884,Automatic,1,ok,583.882,85,2,1,0,0,2305843009213693967:82;2305843009213693973:3,Symbolica_default,cached_powers_Q,15,18,0.321,BalancedZippelSeparated
fire7_nb0_rank1885,Automatic,1,ok,515.072,111,2,1,0,0,2305843009213693967:108;2305843009213693973:3,Symbolica_default,cached_powers_Q,12,24,0.333,BalancedZippelSeparated
fire7_nb0_rank1886,Automatic,1,ok,656.332,102,2,1,0,0,2305843009213693967:99;2305843009213693973:3,Symbolica_default,cached_powers_Q,18,18,0.327,BalancedZippelSeparated
fire7_nb0_rank1887,Automatic,1,ok,375.892,71,2,1,0,0,2305843009213693967:68;2305843009213693973:3,Symbolica_default,cached_powers_Q,15,15,0.303,BalancedZippelSeparated
fire7_nb0_rank1888,Automatic,1,ok,390.911,76,2,1,0,0,2305843009213693967:73;2305843009213693973:3,Symbolica_default,cached_powers_Q,12,21,0.318,BalancedZippelSeparated
fire7_nb0_rank1889,Automatic,1,ok,609.802,97,2,1,0,0,2305843009213693967:94;2305843009213693973:3,Symbolica_default,cached_powers_Q,23,14,0.472,BalancedZippelSeparated
fire7_nb0_rank1890,Automatic,1,ok,607.832,76,2,1,0,0,2305843009213693967:73;2305843009213693973:3,Symbolica_default,cached_powers_Q,12,21,0.517,BalancedZippelSeparated
fire7_nb0_rank1891,Automatic,1,ok,335.011,65,2,1,0,0,2305843009213693967:62;2305843009213693973:3,Symbolica_default,cached_powers_Q,15,15,0.319,BalancedZippelSeparated
fire7_nb0_rank1892,Automatic,1,ok,375.352,83,2,1,0,0,2305843009213693967:80;2305843009213693973:3,Symbolica_default,cached_powers_Q,24,9,0.353,BalancedZippelSeparated
fire7_nb0_rank1893,Automatic,1,ok,428.342,79,2,1,0,0,2305843009213693967:76;2305843009213693973:3,Symbolica_default,cached_powers_Q,27,4,0.415,BalancedZippelSeparated
fire7_nb0_rank1894,Automatic,1,ok,377.661,65,2,1,0,0,2305843009213693967:62;2305843009213693973:3,Symbolica_default,cached_powers_Q,14,20,0.348,BalancedZippelSeparated
fire7_nb0_rank1895,Automatic,1,ok,409.961,88,2,1,0,0,2305843009213693967:85;2305843009213693973:3,Symbolica_default,cached_powers_Q,26,6,0.413,BalancedZippelSeparated
fire7_nb0_rank1896,Automatic,1,ok,408.422,65,2,1,0,0,2305843009213693967:62;2305843009213693973:3,Symbolica_default,cached_powers_Q,18,9,0.426,BalancedZippelSeparated
fire7_nb0_rank1897,Automatic,1,ok,552.882,79,2,1,0,0,2305843009213693967:76;2305843009213693973:3,Symbolica_default,cached_powers_Q,18,15,0.323,BalancedZippelSeparated
fire7_nb0_rank1898,Automatic,1,ok,499.712,109,2,1,0,0,2305843009213693967:106;2305843009213693973:3,Symbolica_default,cached_powers_Q,12,24,0.476,BalancedZippelSeparated
fire7_nb0_rank1899,Automatic,1,ok,406.372,76,2,1,0,0,2305843009213693967:73;2305843009213693973:3,Symbolica_default,cached_powers_Q,24,6,0.315,BalancedZippelSeparated
fire7_nb0_rank1900,Automatic,1,ok,334.691,61,2,1,0,0,2305843009213693967:58;2305843009213693973:3,Symbolica_default,cached_powers_Q,16,15,0.311,BalancedZippelSeparated
fire7_nb0_rank1901,Automatic,1,ok,536.242,63,2,1,0,0,2305843009213693967:60;2305843009213693973:3,Symbolica_default,cached_powers_Q,16,15,0.297,BalancedZippelSeparated
fire7_nb0_rank1902,Automatic,1,ok,427.322,67,2,1,0,0,2305843009213693967:64;2305843009213693973:3,Symbolica_default,cached_powers_Q,20,9,0.448,BalancedZippelSeparated
fire7_nb0_rank1903,Automatic,1,ok,586.362,83,2,1,0,0,2305843009213693967:80;2305843009213693973:3,Symbolica_default,cached_powers_Q,15,18,0.316,BalancedZippelSeparated
fire7_nb0_rank1904,Automatic,1,ok,371.042,64,2,1,0,0,2305843009213693967:61;2305843009213693973:3,Symbolica_default,cached_powers_Q,16,15,0.296,BalancedZippelSeparated
fire7_nb0_rank1905,Automatic,1,ok,555.911,66,2,1,0,0,2305843009213693967:63;2305843009213693973:3,Symbolica_default,cached_powers_Q,16,15,0.298,BalancedZippelSeparated
fire7_nb0_rank1906,Automatic,1,ok,386.652,67,2,1,0,0,2305843009213693967:64;2305843009213693973:3,Symbolica_default,cached_powers_Q,15,15,0.330,BalancedZippelSeparated
fire7_nb0_rank1907,Automatic,1,ok,590.052,66,2,1,0,0,2305843009213693967:63;2305843009213693973:3,Symbolica_default,cached_powers_Q,16,15,0.349,BalancedZippelSeparated
fire7_nb0_rank1908,Automatic,1,ok,356.102,73,2,1,0,0,2305843009213693967:70;2305843009213693973:3,Symbolica_default,cached_powers_Q,23,6,0.289,BalancedZippelSeparated
fire7_nb0_rank1909,Automatic,1,ok,371.531,72,2,1,0,0,2305843009213693967:69;2305843009213693973:3,Symbolica_default,cached_powers_Q,20,15,0.306,BalancedZippelSeparated
fire7_nb0_rank1910,Automatic,1,ok,388.002,79,2,1,0,0,2305843009213693967:76;2305843009213693973:3,Symbolica_default,cached_powers_Q,18,15,0.341,BalancedZippelSeparated
fire7_nb0_rank1911,Automatic,1,ok,337.771,70,2,1,0,0,2305843009213693967:67;2305843009213693973:3,Symbolica_default,cached_powers_Q,15,15,0.314,BalancedZippelSeparated
fire7_nb0_rank1912,Automatic,1,ok,567.422,79,2,1,0,0,2305843009213693967:76;2305843009213693973:3,Symbolica_default,cached_powers_Q,24,8,0.324,BalancedZippelSeparated
fire7_nb0_rank1913,Automatic,1,ok,363.741,76,2,1,0,0,2305843009213693967:73;2305843009213693973:3,Symbolica_default,cached_powers_Q,24,6,0.292,BalancedZippelSeparated
fire7_nb0_rank1914,Automatic,1,ok,356.931,74,2,1,0,0,2305843009213693967:71;2305843009213693973:3,Symbolica_default,cached_powers_Q,24,6,0.283,BalancedZippelSeparated
fire7_nb0_rank1915,Automatic,1,ok,577.393,66,2,1,0,0,2305843009213693967:63;2305843009213693973:3,Symbolica_default,cached_powers_Q,16,15,0.308,BalancedZippelSeparated
fire7_nb0_rank1916,Automatic,1,ok,563.352,70,2,1,0,0,2305843009213693967:67;2305843009213693973:3,Symbolica_default,cached_powers_Q,20,10,0.305,BalancedZippelSeparated
fire7_nb0_rank1917,Automatic,1,ok,582.732,83,2,1,0,0,2305843009213693967:80;2305843009213693973:3,Symbolica_default,cached_powers_Q,24,8,0.330,BalancedZippelSeparated
fire7_nb0_rank1918,Automatic,1,ok,389.481,74,2,1,0,0,2305843009213693967:71;2305843009213693973:3,Symbolica_default,cached_powers_Q,24,6,0.482,BalancedZippelSeparated
fire7_nb0_rank1919,Automatic,1,ok,537.442,64,2,1,0,0,2305843009213693967:61;2305843009213693973:3,Symbolica_default,cached_powers_Q,16,15,0.309,BalancedZippelSeparated
fire7_nb0_rank1920,Automatic,1,ok,519.942,66,2,1,0,0,2305843009213693967:63;2305843009213693973:3,Symbolica_default,cached_powers_Q,16,15,0.278,BalancedZippelSeparated
fire7_nb0_rank1921,Automatic,1,ok,529.732,76,2,1,0,0,2305843009213693967:73;2305843009213693973:3,Symbolica_default,cached_powers_Q,24,6,0.302,BalancedZippelSeparated
fire7_nb0_rank1922,Automatic,1,ok,325.201,60,2,1,0,0,2305843009213693967:57;2305843009213693973:3,Symbolica_default,cached_powers_Q,20,8,0.270,BalancedZippelSeparated
fire7_nb0_rank1923,Automatic,1,ok,447.461,71,2,1,0,0,2305843009213693967:68;2305843009213693973:3,Symbolica_default,cached_powers_Q,4,28,0.297,BalancedZippelSeparated
fire7_nb0_rank1924,Automatic,1,ok,342.961,62,2,1,0,0,2305843009213693967:59;2305843009213693973:3,Symbolica_default,cached_powers_Q,20,8,0.311,BalancedZippelSeparated
fire7_nb0_rank1925,Automatic,1,ok,623.272,102,2,1,0,0,2305843009213693967:99;2305843009213693973:3,Symbolica_default,cached_powers_Q,21,9,0.487,BalancedZippelSeparated
fire7_nb0_rank1926,Automatic,1,ok,547.632,76,2,1,0,0,2305843009213693967:73;2305843009213693973:3,Symbolica_default,cached_powers_Q,19,10,0.289,BalancedZippelSeparated
fire7_nb0_rank1927,Automatic,1,ok,364.591,71,2,1,0,0,2305843009213693967:68;2305843009213693973:3,Symbolica_default,cached_powers_Q,24,6,0.447,BalancedZippelSeparated
fire7_nb0_rank1928,Automatic,1,ok,535.762,90,2,1,0,0,2305843009213693967:87;2305843009213693973:3,Symbolica_default,cached_powers_Q,27,4,0.288,BalancedZippelSeparated
fire7_nb0_rank1929,Automatic,1,ok,473.621,88,2,1,0,0,2305843009213693967:85;2305843009213693973:3,Symbolica_default,cached_powers_Q,19,14,0.526,BalancedZippelSeparated
fire7_nb0_rank1930,Automatic,1,ok,360.071,63,2,1,0,0,2305843009213693967:60;2305843009213693973:3,Symbolica_default,cached_powers_Q,20,9,0.312,BalancedZippelSeparated
fire7_nb0_rank1931,Automatic,1,ok,378.041,74,2,1,0,0,2305843009213693967:71;2305843009213693973:3,Symbolica_default,cached_powers_Q,24,6,0.422,BalancedZippelSeparated
fire7_nb0_rank1932,Automatic,1,ok,380.971,74,2,1,0,0,2305843009213693967:71;2305843009213693973:3,Symbolica_default,cached_powers_Q,24,6,0.298,BalancedZippelSeparated
fire7_nb0_rank1933,Automatic,1,ok,514.262,65,2,1,0,0,2305843009213693967:62;2305843009213693973:3,Symbolica_default,cached_powers_Q,20,6,0.262,BalancedZippelSeparated
fire7_nb0_rank1934,Automatic,1,ok,345.181,63,2,1,0,0,2305843009213693967:60;2305843009213693973:3,Symbolica_default,cached_powers_Q,20,6,0.265,BalancedZippelSeparated
fire7_nb0_rank1935,Automatic,1,ok,541.752,68,2,1,0,0,2305843009213693967:65;2305843009213693973:3,Symbolica_default,cached_powers_Q,18,9,0.476,BalancedZippelSeparated
fire7_nb0_rank1936,Automatic,1,ok,293.541,66,2,1,0,0,2305843009213693967:63;2305843009213693973:3,Symbolica_default,cached_powers_Q,6,20,0.271,BalancedZippelSeparated
fire7_nb0_rank1937,Automatic,1,ok,446.111,67,2,1,0,0,2305843009213693967:64;2305843009213693973:3,Symbolica_default,cached_powers_Q,25,3,0.273,BalancedZippelSeparated
fire7_nb0_rank1938,Automatic,1,ok,313.401,68,2,1,0,0,2305843009213693967:65;2305843009213693973:3,Symbolica_default,cached_powers_Q,15,10,0.433,BalancedZippelSeparated
fire7_nb0_rank1939,Automatic,1,ok,382.541,70,2,1,0,0,2305843009213693967:67;2305843009213693973:3,Symbolica_default,cached_powers_Q,20,10,0.445,BalancedZippelSeparated
fire7_nb0_rank1940,Automatic,1,ok,579.312,76,2,1,0,0,2305843009213693967:73;2305843009213693973:3,Symbolica_default,cached_powers_Q,24,10,0.328,BalancedZippelSeparated
fire7_nb0_rank1941,Automatic,1,ok,379.311,70,2,1,0,0,2305843009213693967:67;2305843009213693973:3,Symbolica_default,cached_powers_Q,18,6,0.298,BalancedZippelSeparated
fire7_nb0_rank1942,Automatic,1,ok,408.442,74,2,1,0,0,2305843009213693967:71;2305843009213693973:3,Symbolica_default,cached_powers_Q,20,10,0.300,BalancedZippelSeparated
fire7_nb0_rank1943,Automatic,1,ok,532.502,90,2,1,0,0,2305843009213693967:87;2305843009213693973:3,Symbolica_default,cached_powers_Q,26,4,0.291,BalancedZippelSeparated
fire7_nb0_rank1944,Automatic,1,ok,370.201,74,2,1,0,0,2305843009213693967:71;2305843009213693973:3,Symbolica_default,cached_powers_Q,12,21,0.467,BalancedZippelSeparated
fire7_nb0_rank1945,Automatic,1,ok,503.562,60,2,1,0,0,2305843009213693967:57;2305843009213693973:3,Symbolica_default,cached_powers_Q,15,12,0.307,BalancedZippelSeparated
fire7_nb0_rank1946,Automatic,1,ok,328.671,60,2,1,0,0,2305843009213693967:57;2305843009213693973:3,Symbolica_default,cached_powers_Q,15,12,0.486,BalancedZippelSeparated
fire7_nb0_rank1947,Automatic,1,ok,571.772,77,2,1,0,0,2305843009213693967:74;2305843009213693973:3,Symbolica_default,cached_powers_Q,15,12,0.290,BalancedZippelSeparated
fire7_nb0_rank1948,Automatic,1,ok,296.231,60,2,1,0,0,2305843009213693967:57;2305843009213693973:3,Symbolica_default,cached_powers_Q,15,12,0.284,BalancedZippelSeparated
fire7_nb0_rank1949,Automatic,1,ok,267.310,62,2,1,0,0,2305843009213693967:59;2305843009213693973:3,Symbolica_default,cached_powers_Q,5,20,0.270,BalancedZippelSeparated
fire7_nb0_rank1950,Automatic,1,ok,267.871,62,2,1,0,0,2305843009213693967:59;2305843009213693973:3,Symbolica_default,cached_powers_Q,5,20,0.267,BalancedZippelSeparated
fire7_nb0_rank1951,Automatic,1,ok,329.401,60,2,1,0,0,2305843009213693967:57;2305843009213693973:3,Symbolica_default,cached_powers_Q,15,12,0.501,BalancedZippelSeparated
fire7_nb0_rank1952,Automatic,1,ok,337.031,62,2,1,0,0,2305843009213693967:59;2305843009213693973:3,Symbolica_default,cached_powers_Q,20,6,0.474,BalancedZippelSeparated
fire7_nb0_rank1953,Automatic,1,ok,333.791,60,2,1,0,0,2305843009213693967:57;2305843009213693973:3,Symbolica_default,cached_powers_Q,20,6,0.431,BalancedZippelSeparated
fire7_nb0_rank1954,Automatic,1,ok,314.141,58,2,1,0,0,2305843009213693967:55;2305843009213693973:3,Symbolica_default,cached_powers_Q,18,8,0.286,BalancedZippelSeparated
fire7_nb0_rank1955,Automatic,1,ok,550.312,76,2,1,0,0,2305843009213693967:73;2305843009213693973:3,Symbolica_default,cached_powers_Q,23,6,0.320,BalancedZippelSeparated
fire7_nb0_rank1956,Automatic,1,ok,273.171,62,2,1,0,0,2305843009213693967:59;2305843009213693973:3,Symbolica_default,cached_powers_Q,5,20,0.275,BalancedZippelSeparated
fire7_nb0_rank1957,Automatic,1,ok,279.701,62,2,1,0,0,2305843009213693967:59;2305843009213693973:3,Symbolica_default,cached_powers_Q,5,20,0.438,BalancedZippelSeparated
fire7_nb0_rank1958,Automatic,1,ok,420.821,62,2,1,0,0,2305843009213693967:59;2305843009213693973:3,Symbolica_default,cached_powers_Q,5,20,0.262,BalancedZippelSeparated
fire7_nb0_rank1959,Automatic,1,ok,325.851,64,2,1,0,0,2305843009213693967:61;2305843009213693973:3,Symbolica_default,cached_powers_Q,18,8,0.426,BalancedZippelSeparated
fire7_nb0_rank1960,Automatic,1,ok,580.131,85,2,1,0,0,2305843009213693967:82;2305843009213693973:3,Symbolica_default,cached_powers_Q,15,18,0.312,BalancedZippelSeparated
fire7_nb0_rank1961,Automatic,1,ok,514.512,69,2,1,0,0,2305843009213693967:66;2305843009213693973:3,Symbolica_default,cached_powers_Q,15,15,0.357,BalancedZippelSeparated
fire7_nb0_rank1962,Automatic,1,ok,556.052,66,2,1,0,0,2305843009213693967:63;2305843009213693973:3,Symbolica_default,cached_powers_Q,18,9,0.310,BalancedZippelSeparated
fire7_nb0_rank1963,Automatic,1,ok,326.941,62,2,1,0,0,2305843009213693967:59;2305843009213693973:3,Symbolica_default,cached_powers_Q,15,12,0.330,BalancedZippelSeparated
fire7_nb0_rank1964,Automatic,1,ok,356.691,61,2,1,0,0,2305843009213693967:58;2305843009213693973:3,Symbolica_default,cached_powers_Q,16,9,0.299,BalancedZippelSeparated
fire7_nb0_rank1965,Automatic,1,ok,339.751,96,2,1,0,0,2305843009213693967:93;2305843009213693973:3,Symbolica_default,cached_powers_Q,5,24,0.314,BalancedZippelSeparated
fire7_nb0_rank1966,Automatic,1,ok,348.561,110,2,1,0,0,2305843009213693967:107;2305843009213693973:3,Symbolica_default,cached_powers_Q,5,24,0.299,BalancedZippelSeparated
fire7_nb0_rank1967,Automatic,1,ok,320.131,60,2,1,0,0,2305843009213693967:57;2305843009213693973:3,Symbolica_default,cached_powers_Q,18,8,0.408,BalancedZippelSeparated
fire7_nb0_rank1968,Automatic,1,ok,511.512,72,2,1,0,0,2305843009213693967:69;2305843009213693973:3,Symbolica_default,cached_powers_Q,18,10,0.279,BalancedZippelSeparated
fire7_nb0_rank1969,Automatic,1,ok,346.011,63,2,1,0,0,2305843009213693967:60;2305843009213693973:3,Symbolica_default,cached_powers_Q,20,9,0.414,BalancedZippelSeparated
fire7_nb0_rank1970,Automatic,1,ok,336.201,63,2,1,0,0,2305843009213693967:60;2305843009213693973:3,Symbolica_default,cached_powers_Q,20,9,0.295,BalancedZippelSeparated
fire7_nb0_rank1971,Automatic,1,ok,370.561,63,2,1,0,0,2305843009213693967:60;2305843009213693973:3,Symbolica_default,cached_powers_Q,20,9,0.466,BalancedZippelSeparated
fire7_nb0_rank1972,Automatic,1,ok,544.901,63,2,1,0,0,2305843009213693967:60;2305843009213693973:3,Symbolica_default,cached_powers_Q,20,9,0.310,BalancedZippelSeparated
fire7_nb0_rank1973,Automatic,1,ok,343.891,63,2,1,0,0,2305843009213693967:60;2305843009213693973:3,Symbolica_default,cached_powers_Q,20,9,0.311,BalancedZippelSeparated
fire7_nb0_rank1974,Automatic,1,ok,361.231,72,2,1,0,0,2305843009213693967:69;2305843009213693973:3,Symbolica_default,cached_powers_Q,15,10,0.278,BalancedZippelSeparated
fire7_nb0_rank1975,Automatic,1,ok,372.101,73,2,1,0,0,2305843009213693967:70;2305843009213693973:3,Symbolica_default,cached_powers_Q,15,10,0.256,BalancedZippelSeparated
fire7_nb0_rank1976,Automatic,1,ok,345.371,77,2,1,0,0,2305843009213693967:74;2305843009213693973:3,Symbolica_default,cached_powers_Q,24,4,0.269,BalancedZippelSeparated
fire7_nb0_rank1977,Automatic,1,ok,566.482,88,2,1,0,0,2305843009213693967:85;2305843009213693973:3,Symbolica_default,cached_powers_Q,12,18,0.325,BalancedZippelSeparated
fire7_nb0_rank1978,Automatic,1,ok,515.492,59,2,1,0,0,2305843009213693967:56;2305843009213693973:3,Symbolica_default,cached_powers_Q,16,9,0.277,BalancedZippelSeparated
fire7_nb0_rank1979,Automatic,1,ok,337.561,72,2,1,0,0,2305843009213693967:69;2305843009213693973:3,Symbolica_default,cached_powers_Q,15,10,0.423,BalancedZippelSeparated
fire7_nb0_rank1980,Automatic,1,ok,478.921,71,2,1,0,0,2305843009213693967:68;2305843009213693973:3,Symbolica_default,cached_powers_Q,15,15,0.273,BalancedZippelSeparated
fire7_nb0_rank1981,Automatic,1,ok,491.591,88,2,1,0,0,2305843009213693967:85;2305843009213693973:3,Symbolica_default,cached_powers_Q,12,18,0.278,BalancedZippelSeparated
fire7_nb0_rank1982,Automatic,1,ok,542.122,83,2,1,0,0,2305843009213693967:80;2305843009213693973:3,Symbolica_default,cached_powers_Q,12,18,0.306,BalancedZippelSeparated
fire7_nb0_rank1983,Automatic,1,ok,325.271,63,2,1,0,0,2305843009213693967:60;2305843009213693973:3,Symbolica_default,cached_powers_Q,13,10,0.298,BalancedZippelSeparated
fire7_nb0_rank1984,Automatic,1,ok,317.990,61,2,1,0,0,2305843009213693967:58;2305843009213693973:3,Symbolica_default,cached_powers_Q,20,6,0.261,BalancedZippelSeparated
fire7_nb0_rank1985,Automatic,1,ok,306.690,60,2,1,0,0,2305843009213693967:57;2305843009213693973:3,Symbolica_default,cached_powers_Q,20,6,0.279,BalancedZippelSeparated
fire7_nb0_rank1986,Automatic,1,ok,374.622,66,2,1,0,0,2305843009213693967:63;2305843009213693973:3,Symbolica_default,cached_powers_Q,20,9,0.311,BalancedZippelSeparated
fire7_nb0_rank1987,Automatic,1,ok,528.011,64,2,1,0,0,2305843009213693967:61;2305843009213693973:3,Symbolica_default,cached_powers_Q,20,9,0.456,BalancedZippelSeparated
fire7_nb0_rank1988,Automatic,1,ok,490.992,64,2,1,0,0,2305843009213693967:61;2305843009213693973:3,Symbolica_default,cached_powers_Q,20,9,0.361,BalancedZippelSeparated
fire7_nb0_rank1989,Automatic,1,ok,361.071,66,2,1,0,0,2305843009213693967:63;2305843009213693973:3,Symbolica_default,cached_powers_Q,10,15,0.312,BalancedZippelSeparated
fire7_nb0_rank1990,Automatic,1,ok,315.511,80,2,1,0,0,2305843009213693967:77;2305843009213693973:3,Symbolica_default,cached_powers_Q,4,27,0.292,BalancedZippelSeparated
fire7_nb0_rank1991,Automatic,1,ok,746.012,86,2,1,0,0,2305843009213693967:83;2305843009213693973:3,Symbolica_default,cached_powers_Q,18,14,0.313,BalancedZippelSeparated
fire7_nb0_rank1992,Automatic,1,ok,376.681,82,2,1,0,0,2305843009213693967:79;2305843009213693973:3,Symbolica_default,cached_powers_Q,18,12,0.294,BalancedZippelSeparated
fire7_nb0_rank1993,Automatic,1,ok,297.871,61,2,1,0,0,2305843009213693967:58;2305843009213693973:3,Symbolica_default,cached_powers_Q,15,9,0.430,BalancedZippelSeparated
fire7_nb0_rank1994,Automatic,1,ok,315.701,67,2,1,0,0,2305843009213693967:64;2305843009213693973:3,Symbolica_default,cached_powers_Q,12,9,0.258,BalancedZippelSeparated
fire7_nb0_rank1995,Automatic,1,ok,505.502,64,2,1,0,0,2305843009213693967:61;2305843009213693973:3,Symbolica_default,cached_powers_Q,20,6,0.285,BalancedZippelSeparated
fire7_nb0_rank1996,Automatic,1,ok,316.401,57,2,1,0,0,2305843009213693967:54;2305843009213693973:3,Symbolica_default,cached_powers_Q,12,10,0.277,BalancedZippelSeparated
fire7_nb0_rank1997,Automatic,1,ok,348.872,63,2,1,0,0,2305843009213693967:60;2305843009213693973:3,Symbolica_default,cached_powers_Q,19,9,0.298,BalancedZippelSeparated
fire7_nb0_rank1998,Automatic,1,ok,299.171,63,2,1,0,0,2305843009213693967:60;2305843009213693973:3,Symbolica_default,cached_powers_Q,17,5,0.254,BalancedZippelSeparated
fire7_nb0_rank1999,Automatic,1,ok,445.141,80,2,1,0,0,2305843009213693967:77;2305843009213693973:3,Symbolica_default,cached_powers_Q,4,27,0.277,BalancedZippelSeparated
fire7_nb0_rank2000,Automatic,1,ok,478.462,63,2,1,0,0,2305843009213693967:60;2305843009213693973:3,Symbolica_default,cached_powers_Q,19,9,0.276,BalancedZippelSeparated
fire7_nb0_rank2001,Automatic,1,ok,370.152,68,2,1,0,0,2305843009213693967:65;2305843009213693973:3,Symbolica_default,cached_powers_Q,11,21,0.290,BalancedZippelSeparated
fire7_nb0_rank2002,Automatic,1,ok,590.562,77,2,1,0,0,2305843009213693967:74;2305843009213693973:3,Symbolica_default,cached_powers_Q,18,12,0.327,BalancedZippelSeparated
fire7_nb0_rank2003,Automatic,1,ok,345.341,81,2,1,0,0,2305843009213693967:78;2305843009213693973:3,Symbolica_default,cached_powers_Q,12,18,0.302,BalancedZippelSeparated
fire7_nb0_rank2004,Automatic,1,ok,403.132,87,2,1,0,0,2305843009213693967:84;2305843009213693973:3,Symbolica_default,cached_powers_Q,12,18,0.301,BalancedZippelSeparated
fire7_nb0_rank2005,Automatic,1,ok,504.632,72,2,1,0,0,2305843009213693967:69;2305843009213693973:3,Symbolica_default,cached_powers_Q,19,6,0.271,BalancedZippelSeparated
fire7_nb0_rank2006,Automatic,1,ok,325.191,59,2,1,0,0,2305843009213693967:56;2305843009213693973:3,Symbolica_default,cached_powers_Q,19,6,0.426,BalancedZippelSeparated
fire7_nb0_rank2007,Automatic,1,ok,555.222,72,2,1,0,0,2305843009213693967:69;2305843009213693973:3,Symbolica_default,cached_powers_Q,24,6,0.319,BalancedZippelSeparated
fire7_nb0_rank2008,Automatic,1,ok,473.152,64,2,1,0,0,2305843009213693967:61;2305843009213693973:3,Symbolica_default,cached_powers_Q,20,6,0.273,BalancedZippelSeparated
fire7_nb0_rank2009,Automatic,1,ok,358.001,61,2,1,0,0,2305843009213693967:58;2305843009213693973:3,Symbolica_default,cached_powers_Q,19,9,0.315,BalancedZippelSeparated
fire7_nb0_rank2010,Automatic,1,ok,546.153,61,2,1,0,0,2305843009213693967:58;2305843009213693973:3,Symbolica_default,cached_powers_Q,19,9,0.316,BalancedZippelSeparated
fire7_nb0_rank2011,Automatic,1,ok,363.752,87,2,1,0,0,2305843009213693967:84;2305843009213693973:3,Symbolica_default,cached_powers_Q,12,18,0.292,BalancedZippelSeparated
fire7_nb0_rank2012,Automatic,1,ok,649.962,62,2,1,0,0,2305843009213693967:59;2305843009213693973:3,Symbolica_default,cached_powers_Q,15,9,0.647,BalancedZippelSeparated
fire7_nb0_rank2013,Automatic,1,ok,706.982,61,2,1,0,0,2305843009213693967:58;2305843009213693973:3,Symbolica_default,cached_powers_Q,19,9,0.613,BalancedZippelSeparated
fire7_nb0_rank2014,Automatic,1,ok,648.132,62,2,1,0,0,2305843009213693967:59;2305843009213693973:3,Symbolica_default,cached_powers_Q,15,9,0.519,BalancedZippelSeparated
fire7_nb0_rank2015,Automatic,1,ok,361.921,63,2,1,0,0,2305843009213693967:60;2305843009213693973:3,Symbolica_default,cached_powers_Q,19,9,0.314,BalancedZippelSeparated
fire7_nb0_rank2016,Automatic,1,ok,530.392,66,2,1,0,0,2305843009213693967:63;2305843009213693973:3,Symbolica_default,cached_powers_Q,16,10,0.290,BalancedZippelSeparated
fire7_nb0_rank2017,Automatic,1,ok,371.411,87,2,1,0,0,2305843009213693967:84;2305843009213693973:3,Symbolica_default,cached_powers_Q,12,18,0.268,BalancedZippelSeparated
fire7_nb0_rank2018,Automatic,1,ok,704.522,82,2,1,0,0,2305843009213693967:79;2305843009213693973:3,Symbolica_default,cached_powers_Q,12,18,0.588,BalancedZippelSeparated
fire7_nb0_rank2019,Automatic,1,ok,462.492,62,2,1,0,0,2305843009213693967:59;2305843009213693973:3,Symbolica_default,cached_powers_Q,19,6,0.414,BalancedZippelSeparated
fire7_nb0_rank2020,Automatic,1,ok,578.182,70,2,1,0,0,2305843009213693967:67;2305843009213693973:3,Symbolica_default,cached_powers_Q,16,10,0.356,BalancedZippelSeparated
fire7_nb0_rank2021,Automatic,1,ok,380.961,67,2,1,0,0,2305843009213693967:64;2305843009213693973:3,Symbolica_default,cached_powers_Q,12,18,0.482,BalancedZippelSeparated
fire7_nb0_rank2022,Automatic,1,ok,603.282,79,2,1,0,0,2305843009213693967:76;2305843009213693973:3,Symbolica_default,cached_powers_Q,21,6,0.343,BalancedZippelSeparated
fire7_nb0_rank2023,Automatic,1,ok,391.181,86,2,1,0,0,2305843009213693967:83;2305843009213693973:3,Symbolica_default,cached_powers_Q,17,14,0.321,BalancedZippelSeparated
fire7_nb0_rank2024,Automatic,1,ok,454.562,62,2,1,0,0,2305843009213693967:59;2305843009213693973:3,Symbolica_default,cached_powers_Q,10,15,0.366,BalancedZippelSeparated
fire7_nb0_rank2025,Automatic,1,ok,518.022,82,2,1,0,0,2305843009213693967:79;2305843009213693973:3,Symbolica_default,cached_powers_Q,20,6,0.575,BalancedZippelSeparated
fire7_nb0_rank2026,Automatic,1,ok,765.713,79,2,1,0,0,2305843009213693967:76;2305843009213693973:3,Symbolica_default,cached_powers_Q,21,6,0.443,BalancedZippelSeparated
fire7_nb0_rank2027,Automatic,1,ok,473.382,62,2,1,0,0,2305843009213693967:59;2305843009213693973:3,Symbolica_default,cached_powers_Q,24,4,0.310,BalancedZippelSeparated
fire7_nb0_rank2028,Automatic,1,ok,278.531,58,2,1,0,0,2305843009213693967:55;2305843009213693973:3,Symbolica_default,cached_powers_Q,20,4,0.257,BalancedZippelSeparated
fire7_nb0_rank2029,Automatic,1,ok,285.681,60,2,1,0,0,2305843009213693967:57;2305843009213693973:3,Symbolica_default,cached_powers_Q,20,4,0.244,BalancedZippelSeparated
fire7_nb0_rank2030,Automatic,1,ok,340.611,65,2,1,0,0,2305843009213693967:62;2305843009213693973:3,Symbolica_default,cached_powers_Q,20,6,0.256,BalancedZippelSeparated
fire7_nb0_rank2031,Automatic,1,ok,717.752,82,2,1,0,0,2305843009213693967:79;2305843009213693973:3,Symbolica_default,cached_powers_Q,18,12,0.289,BalancedZippelSeparated
fire7_nb0_rank2032,Automatic,1,ok,658.372,58,2,1,0,0,2305843009213693967:55;2305843009213693973:3,Symbolica_default,cached_powers_Q,16,9,0.411,BalancedZippelSeparated
fire7_nb0_rank2033,Automatic,1,ok,660.572,96,2,1,0,0,2305843009213693967:93;2305843009213693973:3,Symbolica_default,cached_powers_Q,5,20,0.360,BalancedZippelSeparated
fire7_nb0_rank2034,Automatic,1,ok,529.682,62,2,1,0,0,2305843009213693967:59;2305843009213693973:3,Symbolica_default,cached_powers_Q,10,15,0.324,BalancedZippelSeparated
fire7_nb0_rank2035,Automatic,1,ok,341.071,64,2,1,0,0,2305843009213693967:61;2305843009213693973:3,Symbolica_default,cached_powers_Q,10,15,0.299,BalancedZippelSeparated
fire7_nb0_rank2036,Automatic,1,ok,328.430,62,2,1,0,0,2305843009213693967:59;2305843009213693973:3,Symbolica_default,cached_powers_Q,10,15,0.421,BalancedZippelSeparated
fire7_nb0_rank2037,Automatic,1,ok,298.071,54,2,1,0,0,2305843009213693967:51;2305843009213693973:3,Symbolica_default,cached_powers_Q,20,6,0.277,BalancedZippelSeparated
fire7_nb0_rank2038,Automatic,1,ok,599.992,56,2,1,0,0,2305843009213693967:53;2305843009213693973:3,Symbolica_default,cached_powers_Q,20,6,0.384,BalancedZippelSeparated
fire7_nb0_rank2039,Automatic,1,ok,536.952,64,2,1,0,0,2305843009213693967:61;2305843009213693973:3,Symbolica_default,cached_powers_Q,10,15,0.296,BalancedZippelSeparated
fire7_nb0_rank2040,Automatic,1,ok,351.682,69,2,1,0,0,2305843009213693967:66;2305843009213693973:3,Symbolica_default,cached_powers_Q,19,8,0.261,BalancedZippelSeparated
fire7_nb0_rank2041,Automatic,1,ok,356.491,85,2,1,0,0,2305843009213693967:82;2305843009213693973:3,Symbolica_default,cached_powers_Q,20,6,0.251,BalancedZippelSeparated
fire7_nb0_rank2042,Automatic,1,ok,649.152,63,2,1,0,0,2305843009213693967:60;2305843009213693973:3,Symbolica_default,cached_powers_Q,20,6,0.365,BalancedZippelSeparated
fire7_nb0_rank2043,Automatic,1,ok,511.151,80,2,1,0,0,2305843009213693967:77;2305843009213693973:3,Symbolica_default,cached_powers_Q,12,18,0.533,BalancedZippelSeparated
fire7_nb0_rank2044,Automatic,1,ok,327.741,66,2,1,0,0,2305843009213693967:63;2305843009213693973:3,Symbolica_default,cached_powers_Q,15,6,0.275,BalancedZippelSeparated
fire7_nb0_rank2045,Automatic,1,ok,654.912,65,2,1,0,0,2305843009213693967:62;2305843009213693973:3,Symbolica_default,cached_powers_Q,16,10,0.605,BalancedZippelSeparated
fire7_nb0_rank2046,Automatic,1,ok,755.072,79,2,1,0,0,2305843009213693967:76;2305843009213693973:3,Symbolica_default,cached_powers_Q,20,6,0.394,BalancedZippelSeparated
fire7_nb0_rank2047,Automatic,1,ok,812.973,114,2,1,0,0,2305843009213693967:111;2305843009213693973:3,Symbolica_default,cached_powers_Q,21,7,0.415,BalancedZippelSeparated
fire7_nb0_rank2048,Automatic,1,ok,331.141,61,2,1,0,0,2305843009213693967:58;2305843009213693973:3,Symbolica_default,cached_powers_Q,12,15,0.272,BalancedZippelSeparated
fire7_nb0_rank2049,Automatic,1,ok,464.592,70,2,1,0,0,2305843009213693967:67;2305843009213693973:3,Symbolica_default,cached_powers_Q,24,4,0.271,BalancedZippelSeparated
fire7_nb0_rank2050,Automatic,1,ok,322.491,66,2,1,0,0,2305843009213693967:63;2305843009213693973:3,Symbolica_default,cached_powers_Q,15,6,0.272,BalancedZippelSeparated
fire7_nb0_rank2051,Automatic,1,ok,331.221,69,2,1,0,0,2305843009213693967:66;2305843009213693973:3,Symbolica_default,cached_powers_Q,19,9,0.447,BalancedZippelSeparated
fire7_nb0_rank2052,Automatic,1,ok,632.292,59,2,1,0,0,2305843009213693967:56;2305843009213693973:3,Symbolica_default,cached_powers_Q,15,12,0.421,BalancedZippelSeparated
fire7_nb0_rank2053,Automatic,1,ok,367.291,79,2,1,0,0,2305843009213693967:76;2305843009213693973:3,Symbolica_default,cached_powers_Q,21,6,0.315,BalancedZippelSeparated
fire7_nb0_rank2054,Automatic,1,ok,640.872,58,2,1,0,0,2305843009213693967:55;2305843009213693973:3,Symbolica_default,cached_powers_Q,20,6,0.365,BalancedZippelSeparated
fire7_nb0_rank2055,Automatic,1,ok,430.661,78,2,1,0,0,2305843009213693967:75;2305843009213693973:3,Symbolica_default,cached_powers_Q,21,4,0.573,BalancedZippelSeparated
fire7_nb0_rank2056,Automatic,1,ok,390.361,73,2,1,0,0,2305843009213693967:70;2305843009213693973:3,Symbolica_default,cached_powers_Q,18,10,0.463,BalancedZippelSeparated
fire7_nb0_rank2057,Automatic,1,ok,466.332,61,2,1,0,0,2305843009213693967:58;2305843009213693973:3,Symbolica_default,cached_powers_Q,16,6,0.283,BalancedZippelSeparated
fire7_nb0_rank2058,Automatic,1,ok,730.892,71,2,1,0,0,2305843009213693967:68;2305843009213693973:3,Symbolica_default,cached_powers_Q,18,10,0.617,BalancedZippelSeparated
fire7_nb0_rank2059,Automatic,1,ok,360.241,73,2,1,0,0,2305843009213693967:70;2305843009213693973:3,Symbolica_default,cached_powers_Q,21,6,0.497,BalancedZippelSeparated
fire7_nb0_rank2060,Automatic,1,ok,494.672,61,2,1,0,0,2305843009213693967:58;2305843009213693973:3,Symbolica_default,cached_powers_Q,19,9,0.270,BalancedZippelSeparated
fire7_nb0_rank2061,Automatic,1,ok,737.452,87,2,1,0,0,2305843009213693967:84;2305843009213693973:3,Symbolica_default,cached_powers_Q,11,18,0.388,BalancedZippelSeparated
fire7_nb0_rank2062,Automatic,1,ok,734.642,108,2,1,0,0,2305843009213693967:105;2305843009213693973:3,Symbolica_default,cached_powers_Q,23,4,0.408,BalancedZippelSeparated
fire7_nb0_rank2063,Automatic,1,ok,354.132,61,2,1,0,0,2305843009213693967:58;2305843009213693973:3,Symbolica_default,cached_powers_Q,20,6,0.423,BalancedZippelSeparated
fire7_nb0_rank2064,Automatic,1,ok,324.271,59,2,1,0,0,2305843009213693967:56;2305843009213693973:3,Symbolica_default,cached_powers_Q,16,9,0.267,BalancedZippelSeparated
fire7_nb0_rank2065,Automatic,1,ok,285.501,57,2,1,0,0,2305843009213693967:54;2305843009213693973:3,Symbolica_default,cached_powers_Q,11,10,0.272,BalancedZippelSeparated
fire7_nb0_rank2066,Automatic,1,ok,538.781,82,2,1,0,0,2305843009213693967:79;2305843009213693973:3,Symbolica_default,cached_powers_Q,12,18,0.585,BalancedZippelSeparated
fire7_nb0_rank2067,Automatic,1,ok,349.581,73,2,1,0,0,2305843009213693967:70;2305843009213693973:3,Symbolica_default,cached_powers_Q,21,6,0.461,BalancedZippelSeparated
fire7_nb0_rank2068,Automatic,1,ok,720.992,79,2,1,0,0,2305843009213693967:76;2305843009213693973:3,Symbolica_default,cached_powers_Q,15,14,0.427,BalancedZippelSeparated
fire7_nb0_rank2069,Automatic,1,ok,523.342,64,2,1,0,0,2305843009213693967:61;2305843009213693973:3,Symbolica_default,cached_powers_Q,10,15,0.304,BalancedZippelSeparated
fire7_nb0_rank2070,Automatic,1,ok,508.041,80,2,1,0,0,2305843009213693967:77;2305843009213693973:3,Symbolica_default,cached_powers_Q,21,6,0.280,BalancedZippelSeparated
fire7_nb0_rank2071,Automatic,1,ok,449.932,57,2,1,0,0,2305843009213693967:54;2305843009213693973:3,Symbolica_default,cached_powers_Q,11,10,0.275,BalancedZippelSeparated
fire7_nb0_rank2072,Automatic,1,ok,519.332,79,2,1,0,0,2305843009213693967:76;2305843009213693973:3,Symbolica_default,cached_powers_Q,20,6,0.282,BalancedZippelSeparated
fire7_nb0_rank2073,Automatic,1,ok,516.802,72,2,1,0,0,2305843009213693967:69;2305843009213693973:3,Symbolica_default,cached_powers_Q,16,12,0.283,BalancedZippelSeparated
fire7_nb0_rank2074,Automatic,1,ok,547.112,61,2,1,0,0,2305843009213693967:58;2305843009213693973:3,Symbolica_default,cached_powers_Q,12,15,0.307,BalancedZippelSeparated
fire7_nb0_rank2075,Automatic,1,ok,342.382,59,2,1,0,0,2305843009213693967:56;2305843009213693973:3,Symbolica_default,cached_powers_Q,15,9,0.306,BalancedZippelSeparated
fire7_nb0_rank2076,Automatic,1,ok,295.791,59,2,1,0,0,2305843009213693967:56;2305843009213693973:3,Symbolica_default,cached_powers_Q,15,9,0.281,BalancedZippelSeparated
fire7_nb0_rank2077,Automatic,1,ok,372.041,71,2,1,0,0,2305843009213693967:68;2305843009213693973:3,Symbolica_default,cached_powers_Q,15,10,0.396,BalancedZippelSeparated
fire7_nb0_rank2078,Automatic,1,ok,470.542,63,2,1,0,0,2305843009213693967:60;2305843009213693973:3,Symbolica_default,cached_powers_Q,12,15,0.434,BalancedZippelSeparated
fire7_nb0_rank2079,Automatic,1,ok,419.551,62,2,1,0,0,2305843009213693967:59;2305843009213693973:3,Symbolica_default,cached_powers_Q,14,9,0.566,BalancedZippelSeparated
fire7_nb0_rank2080,Automatic,1,ok,643.302,62,2,1,0,0,2305843009213693967:59;2305843009213693973:3,Symbolica_default,cached_powers_Q,14,9,0.405,BalancedZippelSeparated
fire7_nb0_rank2081,Automatic,1,ok,277.381,55,2,1,0,0,2305843009213693967:52;2305843009213693973:3,Symbolica_default,cached_powers_Q,20,3,0.233,BalancedZippelSeparated
fire7_nb0_rank2082,Automatic,1,ok,527.502,76,2,1,0,0,2305843009213693967:73;2305843009213693973:3,Symbolica_default,cached_powers_Q,12,14,0.270,BalancedZippelSeparated
fire7_nb0_rank2083,Automatic,1,ok,321.751,57,2,1,0,0,2305843009213693967:54;2305843009213693973:3,Symbolica_default,cached_powers_Q,10,12,0.302,BalancedZippelSeparated
fire7_nb0_rank2084,Automatic,1,ok,487.002,78,2,1,0,0,2305843009213693967:75;2305843009213693973:3,Symbolica_default,cached_powers_Q,21,3,0.291,BalancedZippelSeparated
fire7_nb0_rank2085,Automatic,1,ok,333.731,60,2,1,0,0,2305843009213693967:57;2305843009213693973:3,Symbolica_default,cached_powers_Q,15,9,0.259,BalancedZippelSeparated
fire7_nb0_rank2086,Automatic,1,ok,564.252,66,2,1,0,0,2305843009213693967:63;2305843009213693973:3,Symbolica_default,cached_powers_Q,16,10,0.291,BalancedZippelSeparated
fire7_nb0_rank2087,Automatic,1,ok,512.362,57,2,1,0,0,2305843009213693967:54;2305843009213693973:3,Symbolica_default,cached_powers_Q,20,3,0.250,BalancedZippelSeparated
fire7_nb0_rank2088,Automatic,1,ok,327.201,71,2,1,0,0,2305843009213693967:68;2305843009213693973:3,Symbolica_default,cached_powers_Q,15,10,0.293,BalancedZippelSeparated
fire7_nb0_rank2089,Automatic,1,ok,573.872,72,2,1,0,0,2305843009213693967:69;2305843009213693973:3,Symbolica_default,cached_powers_Q,18,6,0.282,BalancedZippelSeparated
fire7_nb0_rank2090,Automatic,1,ok,640.812,57,2,1,0,0,2305843009213693967:54;2305843009213693973:3,Symbolica_default,cached_powers_Q,10,12,0.398,BalancedZippelSeparated
fire7_nb0_rank2091,Automatic,1,ok,622.592,59,2,1,0,0,2305843009213693967:56;2305843009213693973:3,Symbolica_default,cached_powers_Q,15,9,0.611,BalancedZippelSeparated
fire7_nb0_rank2092,Automatic,1,ok,325.241,59,2,1,0,0,2305843009213693967:56;2305843009213693973:3,Symbolica_default,cached_powers_Q,15,9,0.305,BalancedZippelSeparated
fire7_nb0_rank2093,Automatic,1,ok,322.781,63,2,1,0,0,2305843009213693967:60;2305843009213693973:3,Symbolica_default,cached_powers_Q,12,10,0.244,BalancedZippelSeparated
fire7_nb0_rank2094,Automatic,1,ok,500.902,79,2,1,0,0,2305843009213693967:76;2305843009213693973:3,Symbolica_default,cached_powers_Q,18,10,0.315,BalancedZippelSeparated
fire7_nb0_rank2095,Automatic,1,ok,331.172,57,2,1,0,0,2305843009213693967:54;2305843009213693973:3,Symbolica_default,cached_powers_Q,12,8,0.466,BalancedZippelSeparated
fire7_nb0_rank2096,Automatic,1,ok,452.541,57,2,1,0,0,2305843009213693967:54;2305843009213693973:3,Symbolica_default,cached_powers_Q,12,15,0.281,BalancedZippelSeparated
fire7_nb0_rank2097,Automatic,1,ok,286.961,67,2,1,0,0,2305843009213693967:64;2305843009213693973:3,Symbolica_default,cached_powers_Q,20,5,0.239,BalancedZippelSeparated
fire7_nb0_rank2098,Automatic,1,ok,453.942,55,2,1,0,0,2305843009213693967:52;2305843009213693973:3,Symbolica_default,cached_powers_Q,16,6,0.520,BalancedZippelSeparated
fire7_nb0_rank2099,Automatic,1,ok,647.332,61,2,1,0,0,2305843009213693967:58;2305843009213693973:3,Symbolica_default,cached_powers_Q,12,15,0.590,BalancedZippelSeparated
fire7_nb0_rank2100,Automatic,1,ok,356.431,73,2,1,0,0,2305843009213693967:70;2305843009213693973:3,Symbolica_default,cached_powers_Q,20,6,0.293,BalancedZippelSeparated
fire7_nb0_rank2101,Automatic,1,ok,599.012,67,2,1,0,0,2305843009213693967:64;2305843009213693973:3,Symbolica_default,cached_powers_Q,15,10,0.406,BalancedZippelSeparated
fire7_nb0_rank2102,Automatic,1,ok,372.261,55,2,1,0,0,2305843009213693967:52;2305843009213693973:3,Symbolica_default,cached_powers_Q,20,3,0.356,BalancedZippelSeparated
fire7_nb0_rank2103,Automatic,1,ok,650.503,58,2,1,0,0,2305843009213693967:55;2305843009213693973:3,Symbolica_default,cached_powers_Q,15,9,0.401,BalancedZippelSeparated
fire7_nb0_rank2104,Automatic,1,ok,640.272,85,2,1,0,0,2305843009213693967:82;2305843009213693973:3,Symbolica_default,cached_powers_Q,18,6,0.272,BalancedZippelSeparated
fire7_nb0_rank2105,Automatic,1,ok,342.761,73,2,1,0,0,2305843009213693967:70;2305843009213693973:3,Symbolica_default,cached_powers_Q,20,6,0.271,BalancedZippelSeparated
fire7_nb0_rank2106,Automatic,1,ok,447.292,71,2,1,0,0,2305843009213693967:68;2305843009213693973:3,Symbolica_default,cached_powers_Q,15,10,0.380,BalancedZippelSeparated
fire7_nb0_rank2107,Automatic,1,ok,652.793,57,2,1,0,0,2305843009213693967:54;2305843009213693973:3,Symbolica_default,cached_powers_Q,15,9,0.399,BalancedZippelSeparated
fire7_nb0_rank2108,Automatic,1,ok,646.742,77,2,1,0,0,2305843009213693967:74;2305843009213693973:3,Symbolica_default,cached_powers_Q,18,10,0.413,BalancedZippelSeparated
fire7_nb0_rank2109,Automatic,1,ok,378.731,77,2,1,0,0,2305843009213693967:74;2305843009213693973:3,Symbolica_default,cached_powers_Q,17,10,0.310,BalancedZippelSeparated
fire7_nb0_rank2110,Automatic,1,ok,370.201,71,2,1,0,0,2305843009213693967:68;2305843009213693973:3,Symbolica_default,cached_powers_Q,12,12,0.409,BalancedZippelSeparated
fire7_nb0_rank2111,Automatic,1,ok,463.762,69,2,1,0,0,2305843009213693967:66;2305843009213693973:3,Symbolica_default,cached_powers_Q,18,9,0.495,BalancedZippelSeparated
fire7_nb0_rank2112,Automatic,1,ok,637.232,56,2,1,0,0,2305843009213693967:53;2305843009213693973:3,Symbolica_default,cached_powers_Q,10,12,0.575,BalancedZippelSeparated
fire7_nb0_rank2113,Automatic,1,ok,351.571,61,2,1,0,0,2305843009213693967:58;2305843009213693973:3,Symbolica_default,cached_powers_Q,12,15,0.283,BalancedZippelSeparated
fire7_nb0_rank2114,Automatic,1,ok,361.731,66,2,1,0,0,2305843009213693967:63;2305843009213693973:3,Symbolica_default,cached_powers_Q,16,10,0.295,BalancedZippelSeparated
fire7_nb0_rank2115,Automatic,1,ok,328.671,67,2,1,0,0,2305843009213693967:64;2305843009213693973:3,Symbolica_default,cached_powers_Q,15,10,0.256,BalancedZippelSeparated
fire7_nb0_rank2116,Automatic,1,ok,457.101,56,2,1,0,0,2305843009213693967:53;2305843009213693973:3,Symbolica_default,cached_powers_Q,10,12,0.549,BalancedZippelSeparated
fire7_nb0_rank2117,Automatic,1,ok,497.071,67,2,1,0,0,2305843009213693967:64;2305843009213693973:3,Symbolica_default,cached_powers_Q,15,10,0.548,BalancedZippelSeparated
fire7_nb0_rank2118,Automatic,1,ok,522.342,67,2,1,0,0,2305843009213693967:64;2305843009213693973:3,Symbolica_default,cached_powers_Q,15,10,0.289,BalancedZippelSeparated
fire7_nb0_rank2119,Automatic,1,ok,639.882,56,2,1,0,0,2305843009213693967:53;2305843009213693973:3,Symbolica_default,cached_powers_Q,10,12,0.591,BalancedZippelSeparated
fire7_nb0_rank2120,Automatic,1,ok,752.583,72,2,1,0,0,2305843009213693967:69;2305843009213693973:3,Symbolica_default,cached_powers_Q,15,12,0.579,BalancedZippelSeparated
fire7_nb0_rank2121,Automatic,1,ok,339.141,70,2,1,0,0,2305843009213693967:67;2305843009213693973:3,Symbolica_default,cached_powers_Q,10,10,0.398,BalancedZippelSeparated
fire7_nb0_rank2122,Automatic,1,ok,442.012,61,2,1,0,0,2305843009213693967:58;2305843009213693973:3,Symbolica_default,cached_powers_Q,12,15,0.534,BalancedZippelSeparated
fire7_nb0_rank2123,Automatic,1,ok,455.872,74,2,1,0,0,2305843009213693967:71;2305843009213693973:3,Symbolica_default,cached_powers_Q,12,14,0.449,BalancedZippelSeparated
fire7_nb0_rank2124,Automatic,1,ok,537.762,63,2,1,0,0,2305843009213693967:60;2305843009213693973:3,Symbolica_default,cached_powers_Q,15,10,0.268,BalancedZippelSeparated
fire7_nb0_rank2125,Automatic,1,ok,411.912,76,2,1,0,0,2305843009213693967:73;2305843009213693973:3,Symbolica_default,cached_powers_Q,12,14,0.439,BalancedZippelSeparated
fire7_nb0_rank2126,Automatic,1,ok,362.492,74,2,1,0,0,2305843009213693967:71;2305843009213693973:3,Symbolica_default,cached_powers_Q,12,14,0.321,BalancedZippelSeparated
fire7_nb0_rank2127,Automatic,1,ok,513.502,67,2,1,0,0,2305843009213693967:64;2305843009213693973:3,Symbolica_default,cached_powers_Q,15,10,0.279,BalancedZippelSeparated
fire7_nb0_rank2128,Automatic,1,ok,520.752,71,2,1,0,0,2305843009213693967:68;2305843009213693973:3,Symbolica_default,cached_powers_Q,15,10,0.429,BalancedZippelSeparated
fire7_nb0_rank2129,Automatic,1,ok,256.241,69,2,1,0,0,2305843009213693967:66;2305843009213693973:3,Symbolica_default,cached_powers_Q,4,21,0.277,BalancedZippelSeparated
fire7_nb0_rank2130,Automatic,1,ok,563.092,68,2,1,0,0,2305843009213693967:65;2305843009213693973:3,Symbolica_default,cached_powers_Q,5,18,0.555,BalancedZippelSeparated
fire7_nb0_rank2131,Automatic,1,ok,296.411,68,2,1,0,0,2305843009213693967:65;2305843009213693973:3,Symbolica_default,cached_powers_Q,5,18,0.263,BalancedZippelSeparated
fire7_nb0_rank2132,Automatic,1,ok,659.853,69,2,1,0,0,2305843009213693967:66;2305843009213693973:3,Symbolica_default,cached_powers_Q,18,6,0.436,BalancedZippelSeparated
fire7_nb0_rank2133,Automatic,1,ok,423.101,67,2,1,0,0,2305843009213693967:64;2305843009213693973:3,Symbolica_default,cached_powers_Q,15,10,0.409,BalancedZippelSeparated
fire7_nb0_rank2134,Automatic,1,ok,423.901,63,2,1,0,0,2305843009213693967:60;2305843009213693973:3,Symbolica_default,cached_powers_Q,4,21,0.276,BalancedZippelSeparated
fire7_nb0_rank2135,Automatic,1,ok,268.971,69,2,1,0,0,2305843009213693967:66;2305843009213693973:3,Symbolica_default,cached_powers_Q,4,21,0.411,BalancedZippelSeparated
fire7_nb0_rank2136,Automatic,1,ok,351.871,71,2,1,0,0,2305843009213693967:68;2305843009213693973:3,Symbolica_default,cached_powers_Q,15,10,0.295,BalancedZippelSeparated
fire7_nb0_rank2137,Automatic,1,ok,536.851,72,2,1,0,0,2305843009213693967:69;2305843009213693973:3,Symbolica_default,cached_powers_Q,18,10,0.599,BalancedZippelSeparated
fire7_nb0_rank2138,Automatic,1,ok,389.911,73,2,1,0,0,2305843009213693967:70;2305843009213693973:3,Symbolica_default,cached_powers_Q,11,14,0.474,BalancedZippelSeparated
fire7_nb0_rank2139,Automatic,1,ok,299.601,57,2,1,0,0,2305843009213693967:54;2305843009213693973:3,Symbolica_default,cached_powers_Q,15,9,0.419,BalancedZippelSeparated
fire7_nb0_rank2140,Automatic,1,ok,456.931,58,2,1,0,0,2305843009213693967:55;2305843009213693973:3,Symbolica_default,cached_powers_Q,15,9,0.553,BalancedZippelSeparated
fire7_nb0_rank2141,Automatic,1,ok,290.130,59,2,1,0,0,2305843009213693967:56;2305843009213693973:3,Symbolica_default,cached_powers_Q,16,5,0.276,BalancedZippelSeparated
fire7_nb0_rank2142,Automatic,1,ok,445.221,69,2,1,0,0,2305843009213693967:66;2305843009213693973:3,Symbolica_default,cached_powers_Q,4,21,0.278,BalancedZippelSeparated
fire7_nb0_rank2143,Automatic,1,ok,644.723,67,2,1,0,0,2305843009213693967:64;2305843009213693973:3,Symbolica_default,cached_powers_Q,18,6,0.431,BalancedZippelSeparated
fire7_nb0_rank2144,Automatic,1,ok,331.811,58,2,1,0,0,2305843009213693967:55;2305843009213693973:3,Symbolica_default,cached_powers_Q,15,9,0.277,BalancedZippelSeparated
fire7_nb0_rank2145,Automatic,1,ok,532.762,79,2,1,0,0,2305843009213693967:76;2305843009213693973:3,Symbolica_default,cached_powers_Q,15,14,0.598,BalancedZippelSeparated
fire7_nb0_rank2146,Automatic,1,ok,279.360,69,2,1,0,0,2305843009213693967:66;2305843009213693973:3,Symbolica_default,cached_powers_Q,4,21,0.450,BalancedZippelSeparated
fire7_nb0_rank2147,Automatic,1,ok,307.151,57,2,1,0,0,2305843009213693967:54;2305843009213693973:3,Symbolica_default,cached_powers_Q,15,9,0.282,BalancedZippelSeparated
fire7_nb0_rank2148,Automatic,1,ok,363.481,66,2,1,0,0,2305843009213693967:63;2305843009213693973:3,Symbolica_default,cached_powers_Q,18,6,0.410,BalancedZippelSeparated
fire7_nb0_rank2149,Automatic,1,ok,371.501,72,2,1,0,0,2305843009213693967:69;2305843009213693973:3,Symbolica_default,cached_powers_Q,18,6,0.300,BalancedZippelSeparated
fire7_nb0_rank2150,Automatic,1,ok,338.751,59,2,1,0,0,2305843009213693967:56;2305843009213693973:3,Symbolica_default,cached_powers_Q,15,9,0.356,BalancedZippelSeparated
fire7_nb0_rank2151,Automatic,1,ok,693.062,115,2,1,0,0,2305843009213693967:112;2305843009213693973:3,Symbolica_default,cached_powers_Q,19,7,0.274,BalancedZippelSeparated
fire7_nb0_rank2152,Automatic,1,ok,309.172,71,2,1,0,0,2305843009213693967:68;2305843009213693973:3,Symbolica_default,cached_powers_Q,18,8,0.275,BalancedZippelSeparated
fire7_nb0_rank2153,Automatic,1,ok,357.891,97,2,1,0,0,2305843009213693967:94;2305843009213693973:3,Symbolica_default,cached_powers_Q,20,4,0.259,BalancedZippelSeparated
fire7_nb0_rank2154,Automatic,1,ok,640.512,62,2,1,0,0,2305843009213693967:59;2305843009213693973:3,Symbolica_default,cached_powers_Q,15,10,0.546,BalancedZippelSeparated
fire7_nb0_rank2155,Automatic,1,ok,678.922,67,2,1,0,0,2305843009213693967:64;2305843009213693973:3,Symbolica_default,cached_powers_Q,18,6,0.594,BalancedZippelSeparated
fire7_nb0_rank2156,Automatic,1,ok,529.462,62,2,1,0,0,2305843009213693967:59;2305843009213693973:3,Symbolica_default,cached_powers_Q,16,6,0.305,BalancedZippelSeparated
fire7_nb0_rank2157,Automatic,1,ok,316.731,60,2,1,0,0,2305843009213693967:57;2305843009213693973:3,Symbolica_default,cached_powers_Q,16,6,0.285,BalancedZippelSeparated
fire7_nb0_rank2158,Automatic,1,ok,325.671,67,2,1,0,0,2305843009213693967:64;2305843009213693973:3,Symbolica_default,cached_powers_Q,18,6,0.444,BalancedZippelSeparated
fire7_nb0_rank2159,Automatic,1,ok,469.092,84,2,1,0,0,2305843009213693967:81;2305843009213693973:3,Symbolica_default,cached_powers_Q,18,6,0.366,BalancedZippelSeparated
fire7_nb0_rank2160,Automatic,1,ok,475.112,66,2,1,0,0,2305843009213693967:63;2305843009213693973:3,Symbolica_default,cached_powers_Q,15,10,0.611,BalancedZippelSeparated
fire7_nb0_rank2161,Automatic,1,ok,357.861,61,2,1,0,0,2305843009213693967:58;2305843009213693973:3,Symbolica_default,cached_powers_Q,11,15,0.429,BalancedZippelSeparated
fire7_nb0_rank2162,Automatic,1,ok,389.742,75,2,1,0,0,2305843009213693967:72;2305843009213693973:3,Symbolica_default,cached_powers_Q,12,14,0.265,BalancedZippelSeparated
fire7_nb0_rank2163,Automatic,1,ok,465.202,60,2,1,0,0,2305843009213693967:57;2305843009213693973:3,Symbolica_default,cached_powers_Q,20,3,0.261,BalancedZippelSeparated
fire7_nb0_rank2164,Automatic,1,ok,368.341,69,2,1,0,0,2305843009213693967:66;2305843009213693973:3,Symbolica_default,cached_powers_Q,12,12,0.471,BalancedZippelSeparated
fire7_nb0_rank2165,Automatic,1,ok,320.541,58,2,1,0,0,2305843009213693967:55;2305843009213693973:3,Symbolica_default,cached_powers_Q,15,9,0.278,BalancedZippelSeparated
fire7_nb0_rank2166,Automatic,1,ok,513.332,66,2,1,0,0,2305843009213693967:63;2305843009213693973:3,Symbolica_default,cached_powers_Q,15,10,0.283,BalancedZippelSeparated
fire7_nb0_rank2167,Automatic,1,ok,727.492,73,2,1,0,0,2305843009213693967:70;2305843009213693973:3,Symbolica_default,cached_powers_Q,12,14,0.371,BalancedZippelSeparated
fire7_nb0_rank2168,Automatic,1,ok,692.263,62,2,1,0,0,2305843009213693967:59;2305843009213693973:3,Symbolica_default,cached_powers_Q,15,10,0.598,BalancedZippelSeparated
fire7_nb0_rank2169,Automatic,1,ok,291.861,60,2,1,0,0,2305843009213693967:57;2305843009213693973:3,Symbolica_default,cached_powers_Q,13,6,0.280,BalancedZippelSeparated
fire7_nb0_rank2170,Automatic,1,ok,281.431,60,2,1,0,0,2305843009213693967:57;2305843009213693973:3,Symbolica_default,cached_powers_Q,13,6,0.238,BalancedZippelSeparated
fire7_nb0_rank2171,Automatic,1,ok,610.172,79,2,1,0,0,2305843009213693967:76;2305843009213693973:3,Symbolica_default,cached_powers_Q,14,14,0.544,BalancedZippelSeparated
fire7_nb0_rank2172,Automatic,1,ok,496.402,69,2,1,0,0,2305843009213693967:66;2305843009213693973:3,Symbolica_default,cached_powers_Q,12,12,0.285,BalancedZippelSeparated
fire7_nb0_rank2173,Automatic,1,ok,527.772,66,2,1,0,0,2305843009213693967:63;2305843009213693973:3,Symbolica_default,cached_powers_Q,15,10,0.460,BalancedZippelSeparated
fire7_nb0_rank2174,Automatic,1,ok,460.502,61,2,1,0,0,2305843009213693967:58;2305843009213693973:3,Symbolica_default,cached_powers_Q,14,5,0.238,BalancedZippelSeparated
fire7_nb0_rank2175,Automatic,1,ok,474.512,67,2,1,0,0,2305843009213693967:64;2305843009213693973:3,Symbolica_default,cached_powers_Q,18,6,0.278,BalancedZippelSeparated
fire7_nb0_rank2176,Automatic,1,ok,361.151,70,2,1,0,0,2305843009213693967:67;2305843009213693973:3,Symbolica_default,cached_powers_Q,18,10,0.312,BalancedZippelSeparated
fire7_nb0_rank2177,Automatic,1,ok,478.192,61,2,1,0,0,2305843009213693967:58;2305843009213693973:3,Symbolica_default,cached_powers_Q,14,5,0.238,BalancedZippelSeparated
fire7_nb0_rank2178,Automatic,1,ok,288.021,57,2,1,0,0,2305843009213693967:54;2305843009213693973:3,Symbolica_default,cached_powers_Q,12,6,0.418,BalancedZippelSeparated
fire7_nb0_rank2179,Automatic,1,ok,283.561,80,2,1,0,0,2305843009213693967:77;2305843009213693973:3,Symbolica_default,cached_powers_Q,5,18,0.235,BalancedZippelSeparated
fire7_nb0_rank2180,Automatic,1,ok,366.981,69,2,1,0,0,2305843009213693967:66;2305843009213693973:3,Symbolica_default,cached_powers_Q,12,12,0.292,BalancedZippelSeparated
fire7_nb0_rank2181,Automatic,1,ok,508.572,58,2,1,0,0,2305843009213693967:55;2305843009213693973:3,Symbolica_default,cached_powers_Q,15,9,0.298,BalancedZippelSeparated
fire7_nb0_rank2182,Automatic,1,ok,372.302,66,2,1,0,0,2305843009213693967:63;2305843009213693973:3,Symbolica_default,cached_powers_Q,15,10,0.272,BalancedZippelSeparated
fire7_nb0_rank2183,Automatic,1,ok,380.531,74,2,1,0,0,2305843009213693967:71;2305843009213693973:3,Symbolica_default,cached_powers_Q,12,14,0.325,BalancedZippelSeparated
fire7_nb0_rank2184,Automatic,1,ok,398.802,67,2,1,0,0,2305843009213693967:64;2305843009213693973:3,Symbolica_default,cached_powers_Q,11,10,0.416,BalancedZippelSeparated
fire7_nb0_rank2185,Automatic,1,ok,442.921,59,2,1,0,0,2305843009213693967:56;2305843009213693973:3,Symbolica_default,cached_powers_Q,12,10,0.274,BalancedZippelSeparated
fire7_nb0_rank2186,Automatic,1,ok,684.813,62,2,1,0,0,2305843009213693967:59;2305843009213693973:3,Symbolica_default,cached_powers_Q,15,10,0.367,BalancedZippelSeparated
fire7_nb0_rank2187,Automatic,1,ok,366.021,66,2,1,0,0,2305843009213693967:63;2305843009213693973:3,Symbolica_default,cached_powers_Q,15,10,0.303,BalancedZippelSeparated
fire7_nb0_rank2188,Automatic,1,ok,610.352,63,2,1,0,0,2305843009213693967:60;2305843009213693973:3,Symbolica_default,cached_powers_Q,18,4,0.347,BalancedZippelSeparated
fire7_nb0_rank2189,Automatic,1,ok,593.122,56,2,1,0,0,2305843009213693967:53;2305843009213693973:3,Symbolica_default,cached_powers_Q,15,6,0.564,BalancedZippelSeparated
fire7_nb0_rank2190,Automatic,1,ok,350.411,56,2,1,0,0,2305843009213693967:53;2305843009213693973:3,Symbolica_default,cached_powers_Q,15,6,0.386,BalancedZippelSeparated
fire7_nb0_rank2191,Automatic,1,ok,534.472,62,2,1,0,0,2305843009213693967:59;2305843009213693973:3,Symbolica_default,cached_powers_Q,15,10,0.277,BalancedZippelSeparated
fire7_nb0_rank2192,Automatic,1,ok,325.091,71,2,1,0,0,2305843009213693967:68;2305843009213693973:3,Symbolica_default,cached_powers_Q,17,9,0.283,BalancedZippelSeparated
fire7_nb0_rank2193,Automatic,1,ok,580.152,64,2,1,0,0,2305843009213693967:61;2305843009213693973:3,Symbolica_default,cached_powers_Q,19,6,0.352,BalancedZippelSeparated
fire7_nb0_rank2194,Automatic,1,ok,628.362,61,2,1,0,0,2305843009213693967:58;2305843009213693973:3,Symbolica_default,cached_powers_Q,12,10,0.633,BalancedZippelSeparated
fire7_nb0_rank2195,Automatic,1,ok,336.551,56,2,1,0,0,2305843009213693967:53;2305843009213693973:3,Symbolica_default,cached_powers_Q,15,6,0.289,BalancedZippelSeparated
fire7_nb0_rank2196,Automatic,1,ok,315.921,56,2,1,0,0,2305843009213693967:53;2305843009213693973:3,Symbolica_default,cached_powers_Q,15,6,0.426,BalancedZippelSeparated
fire7_nb0_rank2197,Automatic,1,ok,300.251,55,2,1,0,0,2305843009213693967:52;2305843009213693973:3,Symbolica_default,cached_powers_Q,10,12,0.295,BalancedZippelSeparated
fire7_nb0_rank2198,Automatic,1,ok,409.951,56,2,1,0,0,2305843009213693967:53;2305843009213693973:3,Symbolica_default,cached_powers_Q,15,6,0.533,BalancedZippelSeparated
fire7_nb0_rank2199,Automatic,1,ok,613.113,56,2,1,0,0,2305843009213693967:53;2305843009213693973:3,Symbolica_default,cached_powers_Q,15,6,0.328,BalancedZippelSeparated
fire7_nb0_rank2200,Automatic,1,ok,287.501,53,2,1,0,0,2305843009213693967:50;2305843009213693973:3,Symbolica_default,cached_powers_Q,10,10,0.434,BalancedZippelSeparated
fire7_nb0_rank2201,Automatic,1,ok,430.921,53,2,1,0,0,2305843009213693967:50;2305843009213693973:3,Symbolica_default,cached_powers_Q,10,10,0.256,BalancedZippelSeparated
fire7_nb0_rank2202,Automatic,1,ok,479.392,56,2,1,0,0,2305843009213693967:53;2305843009213693973:3,Symbolica_default,cached_powers_Q,19,6,0.497,BalancedZippelSeparated
fire7_nb0_rank2203,Automatic,1,ok,392.251,52,2,1,0,0,2305843009213693967:49;2305843009213693973:3,Symbolica_default,cached_powers_Q,15,8,0.376,BalancedZippelSeparated
fire7_nb0_rank2204,Automatic,1,ok,359.112,62,2,1,0,0,2305843009213693967:59;2305843009213693973:3,Symbolica_default,cached_powers_Q,15,10,0.458,BalancedZippelSeparated
fire7_nb0_rank2205,Automatic,1,ok,472.932,57,2,1,0,0,2305843009213693967:54;2305843009213693973:3,Symbolica_default,cached_powers_Q,14,9,0.273,BalancedZippelSeparated
fire7_nb0_rank2206,Automatic,1,ok,332.671,59,2,1,0,0,2305843009213693967:56;2305843009213693973:3,Symbolica_default,cached_powers_Q,14,9,0.299,BalancedZippelSeparated
fire7_nb0_rank2207,Automatic,1,ok,472.981,55,2,1,0,0,2305843009213693967:52;2305843009213693973:3,Symbolica_default,cached_powers_Q,10,12,0.294,BalancedZippelSeparated
fire7_nb0_rank2208,Automatic,1,ok,297.831,55,2,1,0,0,2305843009213693967:52;2305843009213693973:3,Symbolica_default,cached_powers_Q,10,12,0.255,BalancedZippelSeparated
fire7_nb0_rank2209,Automatic,1,ok,347.391,62,2,1,0,0,2305843009213693967:59;2305843009213693973:3,Symbolica_default,cached_powers_Q,5,15,0.341,BalancedZippelSeparated
fire7_nb0_rank2210,Automatic,1,ok,624.032,57,2,1,0,0,2305843009213693967:54;2305843009213693973:3,Symbolica_default,cached_powers_Q,14,9,0.615,BalancedZippelSeparated
fire7_nb0_rank2211,Automatic,1,ok,324.761,57,2,1,0,0,2305843009213693967:54;2305843009213693973:3,Symbolica_default,cached_powers_Q,14,9,0.275,BalancedZippelSeparated
fire7_nb0_rank2212,Automatic,1,ok,336.791,58,2,1,0,0,2305843009213693967:55;2305843009213693973:3,Symbolica_default,cached_powers_Q,8,15,0.257,BalancedZippelSeparated
fire7_nb0_rank2213,Automatic,1,ok,389.411,62,2,1,0,0,2305843009213693967:59;2305843009213693973:3,Symbolica_default,cached_powers_Q,5,15,0.489,BalancedZippelSeparated
fire7_nb0_rank2214,Automatic,1,ok,646.632,59,2,1,0,0,2305843009213693967:56;2305843009213693973:3,Symbolica_default,cached_powers_Q,16,6,0.353,BalancedZippelSeparated
fire7_nb0_rank2215,Automatic,1,ok,334.661,61,2,1,0,0,2305843009213693967:58;2305843009213693973:3,Symbolica_default,cached_powers_Q,8,15,0.398,BalancedZippelSeparated
fire7_nb0_rank2216,Automatic,1,ok,270.661,59,2,1,0,0,2305843009213693967:56;2305843009213693973:3,Symbolica_default,cached_powers_Q,8,15,0.239,BalancedZippelSeparated
fire7_nb0_rank2217,Automatic,1,ok,302.570,54,2,1,0,0,2305843009213693967:51;2305843009213693973:3,Symbolica_default,cached_powers_Q,10,12,0.284,BalancedZippelSeparated
fire7_nb0_rank2218,Automatic,1,ok,298.351,54,2,1,0,0,2305843009213693967:51;2305843009213693973:3,Symbolica_default,cached_powers_Q,10,12,0.325,BalancedZippelSeparated
fire7_nb0_rank2219,Automatic,1,ok,448.752,57,2,1,0,0,2305843009213693967:54;2305843009213693973:3,Symbolica_default,cached_powers_Q,16,6,0.377,BalancedZippelSeparated
fire7_nb0_rank2220,Automatic,1,ok,503.612,57,2,1,0,0,2305843009213693967:54;2305843009213693973:3,Symbolica_default,cached_powers_Q,16,6,0.499,BalancedZippelSeparated
fire7_nb0_rank2221,Automatic,1,ok,485.842,57,2,1,0,0,2305843009213693967:54;2305843009213693973:3,Symbolica_default,cached_powers_Q,11,8,0.278,BalancedZippelSeparated
fire7_nb0_rank2222,Automatic,1,ok,285.231,54,2,1,0,0,2305843009213693967:51;2305843009213693973:3,Symbolica_default,cached_powers_Q,10,12,0.291,BalancedZippelSeparated
fire7_nb0_rank2223,Automatic,1,ok,622.583,79,2,1,0,0,2305843009213693967:76;2305843009213693973:3,Symbolica_default,cached_powers_Q,18,6,0.264,BalancedZippelSeparated
fire7_nb0_rank2224,Automatic,1,ok,487.222,54,2,1,0,0,2305843009213693967:51;2305843009213693973:3,Symbolica_default,cached_powers_Q,15,6,0.268,BalancedZippelSeparated
fire7_nb0_rank2225,Automatic,1,ok,294.572,54,2,1,0,0,2305843009213693967:51;2305843009213693973:3,Symbolica_default,cached_powers_Q,10,12,0.434,BalancedZippelSeparated
fire7_nb0_rank2226,Automatic,1,ok,411.822,54,2,1,0,0,2305843009213693967:51;2305843009213693973:3,Symbolica_default,cached_powers_Q,10,12,0.434,BalancedZippelSeparated
fire7_nb0_rank2227,Automatic,1,ok,326.870,56,2,1,0,0,2305843009213693967:53;2305843009213693973:3,Symbolica_default,cached_powers_Q,15,6,0.268,BalancedZippelSeparated
fire7_nb0_rank2228,Automatic,1,ok,356.192,58,2,1,0,0,2305843009213693967:55;2305843009213693973:3,Symbolica_default,cached_powers_Q,8,15,0.252,BalancedZippelSeparated
fire7_nb0_rank2229,Automatic,1,ok,329.781,54,2,1,0,0,2305843009213693967:51;2305843009213693973:3,Symbolica_default,cached_powers_Q,10,12,0.385,BalancedZippelSeparated
fire7_nb0_rank2230,Automatic,1,ok,304.461,56,2,1,0,0,2305843009213693967:53;2305843009213693973:3,Symbolica_default,cached_powers_Q,15,6,0.251,BalancedZippelSeparated
fire7_nb0_rank2231,Automatic,1,ok,321.561,54,2,1,0,0,2305843009213693967:51;2305843009213693973:3,Symbolica_default,cached_powers_Q,15,6,0.266,BalancedZippelSeparated
fire7_nb0_rank2232,Automatic,1,ok,284.161,54,2,1,0,0,2305843009213693967:51;2305843009213693973:3,Symbolica_default,cached_powers_Q,10,12,0.266,BalancedZippelSeparated
fire7_nb0_rank2233,Automatic,1,ok,548.142,78,2,1,0,0,2305843009213693967:75;2305843009213693973:3,Symbolica_default,cached_powers_Q,11,14,0.379,BalancedZippelSeparated
fire7_nb0_rank2234,Automatic,1,ok,513.432,72,2,1,0,0,2305843009213693967:69;2305843009213693973:3,Symbolica_default,cached_powers_Q,11,14,0.242,BalancedZippelSeparated
fire7_nb0_rank2235,Automatic,1,ok,690.773,69,2,1,0,0,2305843009213693967:66;2305843009213693973:3,Symbolica_default,cached_powers_Q,16,6,0.540,BalancedZippelSeparated
fire7_nb0_rank2236,Automatic,1,ok,360.642,75,2,1,0,0,2305843009213693967:72;2305843009213693973:3,Symbolica_default,cached_powers_Q,17,10,0.311,BalancedZippelSeparated
fire7_nb0_rank2237,Automatic,1,ok,404.431,59,2,1,0,0,2305843009213693967:56;2305843009213693973:3,Symbolica_default,cached_powers_Q,15,2,0.242,BalancedZippelSeparated
fire7_nb0_rank2238,Automatic,1,ok,389.081,75,2,1,0,0,2305843009213693967:72;2305843009213693973:3,Symbolica_default,cached_powers_Q,12,14,0.290,BalancedZippelSeparated
fire7_nb0_rank2239,Automatic,1,ok,331.381,72,2,1,0,0,2305843009213693967:69;2305843009213693973:3,Symbolica_default,cached_powers_Q,12,14,0.283,BalancedZippelSeparated
fire7_nb0_rank2240,Automatic,1,ok,632.382,68,2,1,0,0,2305843009213693967:65;2305843009213693973:3,Symbolica_default,cached_powers_Q,17,6,0.413,BalancedZippelSeparated
fire7_nb0_rank2241,Automatic,1,ok,316.872,86,2,1,0,0,2305843009213693967:83;2305843009213693973:3,Symbolica_default,cached_powers_Q,18,3,0.255,BalancedZippelSeparated
fire7_nb0_rank2242,Automatic,1,ok,476.982,61,2,1,0,0,2305843009213693967:58;2305843009213693973:3,Symbolica_default,cached_powers_Q,14,4,0.271,BalancedZippelSeparated
fire7_nb0_rank2243,Automatic,1,ok,303.741,55,2,1,0,0,2305843009213693967:52;2305843009213693973:3,Symbolica_default,cached_powers_Q,16,6,0.239,BalancedZippelSeparated
fire7_nb0_rank2244,Automatic,1,ok,308.891,57,2,1,0,0,2305843009213693967:54;2305843009213693973:3,Symbolica_default,cached_powers_Q,16,4,0.243,BalancedZippelSeparated
fire7_nb0_rank2245,Automatic,1,ok,444.961,69,2,1,0,0,2305843009213693967:66;2305843009213693973:3,Symbolica_default,cached_powers_Q,15,10,0.403,BalancedZippelSeparated
fire7_nb0_rank2246,Automatic,1,ok,622.393,65,2,1,0,0,2305843009213693967:62;2305843009213693973:3,Symbolica_default,cached_powers_Q,15,10,0.351,BalancedZippelSeparated
fire7_nb0_rank2247,Automatic,1,ok,321.981,58,2,1,0,0,2305843009213693967:55;2305843009213693973:3,Symbolica_default,cached_powers_Q,10,9,0.454,BalancedZippelSeparated
fire7_nb0_rank2248,Automatic,1,ok,289.931,55,2,1,0,0,2305843009213693967:52;2305843009213693973:3,Symbolica_default,cached_powers_Q,16,4,0.245,BalancedZippelSeparated
fire7_nb0_rank2249,Automatic,1,ok,304.670,57,2,1,0,0,2305843009213693967:54;2305843009213693973:3,Symbolica_default,cached_powers_Q,16,4,0.234,BalancedZippelSeparated
fire7_nb0_rank2250,Automatic,1,ok,360.001,67,2,1,0,0,2305843009213693967:64;2305843009213693973:3,Symbolica_default,cached_powers_Q,15,10,0.266,BalancedZippelSeparated
fire7_nb0_rank2251,Automatic,1,ok,492.632,55,2,1,0,0,2305843009213693967:52;2305843009213693973:3,Symbolica_default,cached_powers_Q,16,4,0.285,BalancedZippelSeparated
fire7_nb0_rank2252,Automatic,1,ok,340.631,76,2,1,0,0,2305843009213693967:73;2305843009213693973:3,Symbolica_default,cached_powers_Q,16,6,0.229,BalancedZippelSeparated
fire7_nb0_rank2253,Automatic,1,ok,231.841,58,2,1,0,0,2305843009213693967:55;2305843009213693973:3,Symbolica_default,cached_powers_Q,4,15,0.230,BalancedZippelSeparated
fire7_nb0_rank2254,Automatic,1,ok,353.641,71,2,1,0,0,2305843009213693967:68;2305843009213693973:3,Symbolica_default,cached_powers_Q,12,12,0.437,BalancedZippelSeparated
fire7_nb0_rank2255,Automatic,1,ok,456.331,61,2,1,0,0,2305843009213693967:58;2305843009213693973:3,Symbolica_default,cached_powers_Q,12,10,0.268,BalancedZippelSeparated
fire7_nb0_rank2256,Automatic,1,ok,353.821,59,2,1,0,0,2305843009213693967:56;2305843009213693973:3,Symbolica_default,cached_powers_Q,12,10,0.444,BalancedZippelSeparated
fire7_nb0_rank2257,Automatic,1,ok,442.031,59,2,1,0,0,2305843009213693967:56;2305843009213693973:3,Symbolica_default,cached_powers_Q,10,6,0.255,BalancedZippelSeparated
fire7_nb0_rank2258,Automatic,1,ok,390.381,89,2,1,0,0,2305843009213693967:86;2305843009213693973:3,Symbolica_default,cached_powers_Q,20,4,0.361,BalancedZippelSeparated
fire7_nb0_rank2259,Automatic,1,ok,308.861,67,2,1,0,0,2305843009213693967:64;2305843009213693973:3,Symbolica_default,cached_powers_Q,15,10,0.422,BalancedZippelSeparated
fire7_nb0_rank2260,Automatic,1,ok,539.322,60,2,1,0,0,2305843009213693967:57;2305843009213693973:3,Symbolica_default,cached_powers_Q,12,10,0.283,BalancedZippelSeparated
fire7_nb0_rank2261,Automatic,1,ok,350.271,60,2,1,0,0,2305843009213693967:57;2305843009213693973:3,Symbolica_default,cached_powers_Q,15,10,0.312,BalancedZippelSeparated
fire7_nb0_rank2262,Automatic,1,ok,596.322,53,2,1,0,0,2305843009213693967:50;2305843009213693973:3,Symbolica_default,cached_powers_Q,15,4,0.317,BalancedZippelSeparated
fire7_nb0_rank2263,Automatic,1,ok,373.501,59,2,1,0,0,2305843009213693967:56;2305843009213693973:3,Symbolica_default,cached_powers_Q,15,6,0.333,BalancedZippelSeparated
fire7_nb0_rank2264,Automatic,1,ok,341.741,60,2,1,0,0,2305843009213693967:57;2305843009213693973:3,Symbolica_default,cached_powers_Q,12,10,0.280,BalancedZippelSeparated
fire7_nb0_rank2265,Automatic,1,ok,396.441,71,2,1,0,0,2305843009213693967:68;2305843009213693973:3,Symbolica_default,cached_powers_Q,18,6,0.279,BalancedZippelSeparated
fire7_nb0_rank2266,Automatic,1,ok,475.552,55,2,1,0,0,2305843009213693967:52;2305843009213693973:3,Symbolica_default,cached_powers_Q,10,9,0.276,BalancedZippelSeparated
fire7_nb0_rank2267,Automatic,1,ok,726.862,68,2,1,0,0,2305843009213693967:65;2305843009213693973:3,Symbolica_default,cached_powers_Q,12,12,0.438,BalancedZippelSeparated
fire7_nb0_rank2268,Automatic,1,ok,408.811,50,2,1,0,0,2305843009213693967:47;2305843009213693973:3,Symbolica_default,cached_powers_Q,12,6,0.285,BalancedZippelSeparated
fire7_nb0_rank2269,Automatic,1,ok,352.522,67,2,1,0,0,2305843009213693967:64;2305843009213693973:3,Symbolica_default,cached_powers_Q,18,6,0.417,BalancedZippelSeparated
fire7_nb0_rank2270,Automatic,1,ok,336.441,68,2,1,0,0,2305843009213693967:65;2305843009213693973:3,Symbolica_default,cached_powers_Q,15,10,0.464,BalancedZippelSeparated
fire7_nb0_rank2271,Automatic,1,ok,649.162,67,2,1,0,0,2305843009213693967:64;2305843009213693973:3,Symbolica_default,cached_powers_Q,18,4,0.370,BalancedZippelSeparated
fire7_nb0_rank2272,Automatic,1,ok,324.411,76,2,1,0,0,2305843009213693967:73;2305843009213693973:3,Symbolica_default,cached_powers_Q,16,6,0.452,BalancedZippelSeparated
fire7_nb0_rank2273,Automatic,1,ok,316.861,66,2,1,0,0,2305843009213693967:63;2305843009213693973:3,Symbolica_default,cached_powers_Q,18,6,0.301,BalancedZippelSeparated
fire7_nb0_rank2274,Automatic,1,ok,310.041,55,2,1,0,0,2305843009213693967:52;2305843009213693973:3,Symbolica_default,cached_powers_Q,15,6,0.440,BalancedZippelSeparated
fire7_nb0_rank2275,Automatic,1,ok,276.561,62,2,1,0,0,2305843009213693967:59;2305843009213693973:3,Symbolica_default,cached_powers_Q,4,18,0.294,BalancedZippelSeparated
fire7_nb0_rank2276,Automatic,1,ok,408.701,60,2,1,0,0,2305843009213693967:57;2305843009213693973:3,Symbolica_default,cached_powers_Q,19,2,0.235,BalancedZippelSeparated
fire7_nb0_rank2277,Automatic,1,ok,507.402,76,2,1,0,0,2305843009213693967:73;2305843009213693973:3,Symbolica_default,cached_powers_Q,15,6,0.247,BalancedZippelSeparated
fire7_nb0_rank2278,Automatic,1,ok,478.732,70,2,1,0,0,2305843009213693967:67;2305843009213693973:3,Symbolica_default,cached_powers_Q,9,14,0.271,BalancedZippelSeparated
fire7_nb0_rank2279,Automatic,1,ok,373.962,58,2,1,0,0,2305843009213693967:55;2305843009213693973:3,Symbolica_default,cached_powers_Q,12,10,0.475,BalancedZippelSeparated
fire7_nb0_rank2280,Automatic,1,ok,319.221,61,2,1,0,0,2305843009213693967:58;2305843009213693973:3,Symbolica_default,cached_powers_Q,18,2,0.338,BalancedZippelSeparated
fire7_nb0_rank2281,Automatic,1,ok,294.931,67,2,1,0,0,2305843009213693967:64;2305843009213693973:3,Symbolica_default,cached_powers_Q,18,2,0.206,BalancedZippelSeparated
fire7_nb0_rank2282,Automatic,1,ok,380.911,60,2,1,0,0,2305843009213693967:57;2305843009213693973:3,Symbolica_default,cached_powers_Q,12,10,0.286,BalancedZippelSeparated
fire7_nb0_rank2283,Automatic,1,ok,643.963,56,2,1,0,0,2305843009213693967:53;2305843009213693973:3,Symbolica_default,cached_powers_Q,15,6,0.350,BalancedZippelSeparated
fire7_nb0_rank2284,Automatic,1,ok,421.931,55,2,1,0,0,2305843009213693967:52;2305843009213693973:3,Symbolica_default,cached_powers_Q,15,9,0.272,BalancedZippelSeparated
fire7_nb0_rank2285,Automatic,1,ok,320.711,67,2,1,0,0,2305843009213693967:64;2305843009213693973:3,Symbolica_default,cached_powers_Q,18,6,0.253,BalancedZippelSeparated
fire7_nb0_rank2286,Automatic,1,ok,319.581,54,2,1,0,0,2305843009213693967:51;2305843009213693973:3,Symbolica_default,cached_powers_Q,9,12,0.300,BalancedZippelSeparated
fire7_nb0_rank2287,Automatic,1,ok,319.461,54,2,1,0,0,2305843009213693967:51;2305843009213693973:3,Symbolica_default,cached_powers_Q,9,12,0.513,BalancedZippelSeparated
fire7_nb0_rank2288,Automatic,1,ok,404.171,54,2,1,0,0,2305843009213693967:51;2305843009213693973:3,Symbolica_default,cached_powers_Q,9,12,0.381,BalancedZippelSeparated
fire7_nb0_rank2289,Automatic,1,ok,294.961,53,2,1,0,0,2305843009213693967:50;2305843009213693973:3,Symbolica_default,cached_powers_Q,10,6,0.432,BalancedZippelSeparated
fire7_nb0_rank2290,Automatic,1,ok,521.662,62,2,1,0,0,2305843009213693967:59;2305843009213693973:3,Symbolica_default,cached_powers_Q,12,10,0.581,BalancedZippelSeparated
fire7_nb0_rank2291,Automatic,1,ok,640.692,58,2,1,0,0,2305843009213693967:55;2305843009213693973:3,Symbolica_default,cached_powers_Q,12,10,0.377,BalancedZippelSeparated
fire7_nb0_rank2292,Automatic,1,ok,534.462,60,2,1,0,0,2305843009213693967:57;2305843009213693973:3,Symbolica_default,cached_powers_Q,12,10,0.287,BalancedZippelSeparated
fire7_nb0_rank2293,Automatic,1,ok,321.581,60,2,1,0,0,2305843009213693967:57;2305843009213693973:3,Symbolica_default,cached_powers_Q,19,2,0.237,BalancedZippelSeparated
fire7_nb0_rank2294,Automatic,1,ok,657.663,92,2,1,0,0,2305843009213693967:89;2305843009213693973:3,Symbolica_default,cached_powers_Q,20,3,0.354,BalancedZippelSeparated
fire7_nb0_rank2295,Automatic,1,ok,310.552,58,2,1,0,0,2305843009213693967:55;2305843009213693973:3,Symbolica_default,cached_powers_Q,9,10,0.288,BalancedZippelSeparated
fire7_nb0_rank2296,Automatic,1,ok,422.341,51,2,1,0,0,2305843009213693967:48;2305843009213693973:3,Symbolica_default,cached_powers_Q,10,8,0.265,BalancedZippelSeparated
fire7_nb0_rank2297,Automatic,1,ok,281.571,51,2,1,0,0,2305843009213693967:48;2305843009213693973:3,Symbolica_default,cached_powers_Q,10,8,0.389,BalancedZippelSeparated
fire7_nb0_rank2298,Automatic,1,ok,447.282,63,2,1,0,0,2305843009213693967:60;2305843009213693973:3,Symbolica_default,cached_powers_Q,10,6,0.260,BalancedZippelSeparated
fire7_nb0_rank2299,Automatic,1,ok,607.352,53,2,1,0,0,2305843009213693967:50;2305843009213693973:3,Symbolica_default,cached_powers_Q,10,6,0.329,BalancedZippelSeparated
fire7_nb0_rank2300,Automatic,1,ok,267.711,53,2,1,0,0,2305843009213693967:50;2305843009213693973:3,Symbolica_default,cached_powers_Q,10,6,0.277,BalancedZippelSeparated
fire7_nb0_rank2301,Automatic,1,ok,363.261,75,2,1,0,0,2305843009213693967:72;2305843009213693973:3,Symbolica_default,cached_powers_Q,11,14,0.277,BalancedZippelSeparated
fire7_nb0_rank2302,Automatic,1,ok,453.932,73,2,1,0,0,2305843009213693967:70;2305843009213693973:3,Symbolica_default,cached_powers_Q,18,5,0.249,BalancedZippelSeparated
fire7_nb0_rank2303,Automatic,1,ok,302.931,60,2,1,0,0,2305843009213693967:57;2305843009213693973:3,Symbolica_default,cached_powers_Q,14,6,0.248,BalancedZippelSeparated
fire7_nb0_rank2304,Automatic,1,ok,584.312,61,2,1,0,0,2305843009213693967:58;2305843009213693973:3,Symbolica_default,cached_powers_Q,13,4,0.353,BalancedZippelSeparated
fire7_nb0_rank2305,Automatic,1,ok,475.991,57,2,1,0,0,2305843009213693967:54;2305843009213693973:3,Symbolica_default,cached_powers_Q,16,4,0.279,BalancedZippelSeparated
fire7_nb0_rank2306,Automatic,1,ok,293.411,63,2,1,0,0,2305843009213693967:60;2305843009213693973:3,Symbolica_default,cached_powers_Q,12,10,0.385,BalancedZippelSeparated
fire7_nb0_rank2307,Automatic,1,ok,443.622,56,2,1,0,0,2305843009213693967:53;2305843009213693973:3,Symbolica_default,cached_powers_Q,10,9,0.278,BalancedZippelSeparated
fire7_nb0_rank2308,Automatic,1,ok,300.291,56,2,1,0,0,2305843009213693967:53;2305843009213693973:3,Symbolica_default,cached_powers_Q,10,9,0.305,BalancedZippelSeparated
fire7_nb0_rank2309,Automatic,1,ok,301.861,63,2,1,0,0,2305843009213693967:60;2305843009213693973:3,Symbolica_default,cached_powers_Q,12,10,0.315,BalancedZippelSeparated
fire7_nb0_rank2310,Automatic,1,ok,308.441,56,2,1,0,0,2305843009213693967:53;2305843009213693973:3,Symbolica_default,cached_powers_Q,10,9,0.317,BalancedZippelSeparated
fire7_nb0_rank2311,Automatic,1,ok,471.601,65,2,1,0,0,2305843009213693967:62;2305843009213693973:3,Symbolica_default,cached_powers_Q,12,12,0.262,BalancedZippelSeparated
fire7_nb0_rank2312,Automatic,1,ok,358.801,64,2,1,0,0,2305843009213693967:61;2305843009213693973:3,Symbolica_default,cached_powers_Q,14,10,0.472,BalancedZippelSeparated
fire7_nb0_rank2313,Automatic,1,ok,528.212,64,2,1,0,0,2305843009213693967:61;2305843009213693973:3,Symbolica_default,cached_powers_Q,14,10,0.460,BalancedZippelSeparated
fire7_nb0_rank2314,Automatic,1,ok,334.481,56,2,1,0,0,2305843009213693967:53;2305843009213693973:3,Symbolica_default,cached_powers_Q,10,9,0.555,BalancedZippelSeparated
fire7_nb0_rank2315,Automatic,1,ok,592.552,55,2,1,0,0,2305843009213693967:52;2305843009213693973:3,Symbolica_default,cached_powers_Q,12,5,0.307,BalancedZippelSeparated
fire7_nb0_rank2316,Automatic,1,ok,540.202,67,2,1,0,0,2305843009213693967:64;2305843009213693973:3,Symbolica_default,cached_powers_Q,12,12,0.255,BalancedZippelSeparated
fire7_nb0_rank2317,Automatic,1,ok,422.882,68,2,1,0,0,2305843009213693967:65;2305843009213693973:3,Symbolica_default,cached_powers_Q,9,14,0.243,BalancedZippelSeparated
fire7_nb0_rank2318,Automatic,1,ok,449.431,52,2,1,0,0,2305843009213693967:49;2305843009213693973:3,Symbolica_default,cached_powers_Q,12,6,0.224,BalancedZippelSeparated
fire7_nb0_rank2319,Automatic,1,ok,456.172,55,2,1,0,0,2305843009213693967:52;2305843009213693973:3,Symbolica_default,cached_powers_Q,12,5,0.233,BalancedZippelSeparated
fire7_nb0_rank2320,Automatic,1,ok,692.302,63,2,1,0,0,2305843009213693967:60;2305843009213693973:3,Symbolica_default,cached_powers_Q,9,12,0.351,BalancedZippelSeparated
fire7_nb0_rank2321,Automatic,1,ok,290.861,57,2,1,0,0,2305843009213693967:54;2305843009213693973:3,Symbolica_default,cached_powers_Q,9,10,0.408,BalancedZippelSeparated
fire7_nb0_rank2322,Automatic,1,ok,467.462,54,2,1,0,0,2305843009213693967:51;2305843009213693973:3,Symbolica_default,cached_powers_Q,6,15,0.256,BalancedZippelSeparated
fire7_nb0_rank2323,Automatic,1,ok,295.441,76,2,1,0,0,2305843009213693967:73;2305843009213693973:3,Symbolica_default,cached_powers_Q,18,4,0.246,BalancedZippelSeparated
fire7_nb0_rank2324,Automatic,1,ok,587.802,52,2,1,0,0,2305843009213693967:49;2305843009213693973:3,Symbolica_default,cached_powers_Q,12,9,0.374,BalancedZippelSeparated
fire7_nb0_rank2325,Automatic,1,ok,280.551,49,2,1,0,0,2305843009213693967:46;2305843009213693973:3,Symbolica_default,cached_powers_Q,16,2,0.247,BalancedZippelSeparated
fire7_nb0_rank2326,Automatic,1,ok,266.872,69,2,1,0,0,2305843009213693967:66;2305843009213693973:3,Symbolica_default,cached_powers_Q,18,4,0.251,BalancedZippelSeparated
fire7_nb0_rank2327,Automatic,1,ok,272.580,53,2,1,0,0,2305843009213693967:50;2305843009213693973:3,Symbolica_default,cached_powers_Q,12,9,0.235,BalancedZippelSeparated
fire7_nb0_rank2328,Automatic,1,ok,491.062,67,2,1,0,0,2305843009213693967:64;2305843009213693973:3,Symbolica_default,cached_powers_Q,18,6,0.308,BalancedZippelSeparated
fire7_nb0_rank2329,Automatic,1,ok,620.892,55,2,1,0,0,2305843009213693967:52;2305843009213693973:3,Symbolica_default,cached_powers_Q,6,15,0.347,BalancedZippelSeparated
fire7_nb0_rank2330,Automatic,1,ok,361.331,74,2,1,0,0,2305843009213693967:71;2305843009213693973:3,Symbolica_default,cached_powers_Q,15,6,0.312,BalancedZippelSeparated
fire7_nb0_rank2331,Automatic,1,ok,489.712,53,2,1,0,0,2305843009213693967:50;2305843009213693973:3,Symbolica_default,cached_powers_Q,6,15,0.255,BalancedZippelSeparated
fire7_nb0_rank2332,Automatic,1,ok,400.081,51,2,1,0,0,2305843009213693967:48;2305843009213693973:3,Symbolica_default,cached_powers_Q,16,2,0.240,BalancedZippelSeparated
fire7_nb0_rank2333,Automatic,1,ok,640.122,67,2,1,0,0,2305843009213693967:64;2305843009213693973:3,Symbolica_default,cached_powers_Q,18,6,0.349,BalancedZippelSeparated
fire7_nb0_rank2334,Automatic,1,ok,544.852,67,2,1,0,0,2305843009213693967:64;2305843009213693973:3,Symbolica_default,cached_powers_Q,12,12,0.277,BalancedZippelSeparated
fire7_nb0_rank2335,Automatic,1,ok,515.522,74,2,1,0,0,2305843009213693967:71;2305843009213693973:3,Symbolica_default,cached_powers_Q,15,6,0.246,BalancedZippelSeparated
fire7_nb0_rank2336,Automatic,1,ok,274.470,56,2,1,0,0,2305843009213693967:53;2305843009213693973:3,Symbolica_default,cached_powers_Q,15,6,0.250,BalancedZippelSeparated
fire7_nb0_rank2337,Automatic,1,ok,287.541,53,2,1,0,0,2305843009213693967:50;2305843009213693973:3,Symbolica_default,cached_powers_Q,6,15,0.246,BalancedZippelSeparated
fire7_nb0_rank2338,Automatic,1,ok,302.361,53,2,1,0,0,2305843009213693967:50;2305843009213693973:3,Symbolica_default,cached_powers_Q,16,2,0.425,BalancedZippelSeparated
fire7_nb0_rank2339,Automatic,1,ok,286.861,54,2,1,0,0,2305843009213693967:51;2305843009213693973:3,Symbolica_default,cached_powers_Q,15,6,0.257,BalancedZippelSeparated
fire7_nb0_rank2340,Automatic,1,ok,343.391,53,2,1,0,0,2305843009213693967:50;2305843009213693973:3,Symbolica_default,cached_powers_Q,6,15,0.355,BalancedZippelSeparated
fire7_nb0_rank2341,Automatic,1,ok,250.240,56,2,1,0,0,2305843009213693967:53;2305843009213693973:3,Symbolica_default,cached_powers_Q,4,15,0.248,BalancedZippelSeparated
fire7_nb0_rank2342,Automatic,1,ok,413.511,55,2,1,0,0,2305843009213693967:52;2305843009213693973:3,Symbolica_default,cached_powers_Q,15,4,0.259,BalancedZippelSeparated
fire7_nb0_rank2343,Automatic,1,ok,491.192,56,2,1,0,0,2305843009213693967:53;2305843009213693973:3,Symbolica_default,cached_powers_Q,5,9,0.456,BalancedZippelSeparated
fire7_nb0_rank2344,Automatic,1,ok,297.641,56,2,1,0,0,2305843009213693967:53;2305843009213693973:3,Symbolica_default,cached_powers_Q,4,15,0.380,BalancedZippelSeparated
fire7_nb0_rank2345,Automatic,1,ok,465.802,55,2,1,0,0,2305843009213693967:52;2305843009213693973:3,Symbolica_default,cached_powers_Q,6,15,0.253,BalancedZippelSeparated
fire7_nb0_rank2346,Automatic,1,ok,427.752,55,2,1,0,0,2305843009213693967:52;2305843009213693973:3,Symbolica_default,cached_powers_Q,12,6,0.252,BalancedZippelSeparated
fire7_nb0_rank2347,Automatic,1,ok,273.481,58,2,1,0,0,2305843009213693967:55;2305843009213693973:3,Symbolica_default,cached_powers_Q,15,6,0.235,BalancedZippelSeparated
fire7_nb0_rank2348,Automatic,1,ok,289.031,55,2,1,0,0,2305843009213693967:52;2305843009213693973:3,Symbolica_default,cached_powers_Q,15,4,0.390,BalancedZippelSeparated
fire7_nb0_rank2349,Automatic,1,ok,441.301,50,2,1,0,0,2305843009213693967:47;2305843009213693973:3,Symbolica_default,cached_powers_Q,12,6,0.253,BalancedZippelSeparated
fire7_nb0_rank2350,Automatic,1,ok,276.551,50,2,1,0,0,2305843009213693967:47;2305843009213693973:3,Symbolica_default,cached_powers_Q,12,6,0.362,BalancedZippelSeparated
fire7_nb0_rank2351,Automatic,1,ok,355.641,86,2,1,0,0,2305843009213693967:83;2305843009213693973:3,Symbolica_default,cached_powers_Q,14,7,0.379,BalancedZippelSeparated
fire7_nb0_rank2352,Automatic,1,ok,279.051,61,2,1,0,0,2305843009213693967:58;2305843009213693973:3,Symbolica_default,cached_powers_Q,12,10,0.248,BalancedZippelSeparated
fire7_nb0_rank2353,Automatic,1,ok,362.511,53,2,1,0,0,2305843009213693967:50;2305843009213693973:3,Symbolica_default,cached_powers_Q,10,6,0.292,BalancedZippelSeparated
fire7_nb0_rank2354,Automatic,1,ok,418.511,56,2,1,0,0,2305843009213693967:53;2305843009213693973:3,Symbolica_default,cached_powers_Q,12,6,0.552,BalancedZippelSeparated
fire7_nb0_rank2355,Automatic,1,ok,422.241,53,2,1,0,0,2305843009213693967:50;2305843009213693973:3,Symbolica_default,cached_powers_Q,15,3,0.257,BalancedZippelSeparated
fire7_nb0_rank2356,Automatic,1,ok,515.952,88,2,1,0,0,2305843009213693967:85;2305843009213693973:3,Symbolica_default,cached_powers_Q,12,9,0.252,BalancedZippelSeparated
fire7_nb0_rank2357,Automatic,1,ok,394.201,88,2,1,0,0,2305843009213693967:85;2305843009213693973:3,Symbolica_default,cached_powers_Q,12,9,0.245,BalancedZippelSeparated
fire7_nb0_rank2358,Automatic,1,ok,505.032,52,2,1,0,0,2305843009213693967:49;2305843009213693973:3,Symbolica_default,cached_powers_Q,12,9,0.252,BalancedZippelSeparated
fire7_nb0_rank2359,Automatic,1,ok,276.331,55,2,1,0,0,2305843009213693967:52;2305843009213693973:3,Symbolica_default,cached_powers_Q,12,6,0.378,BalancedZippelSeparated
fire7_nb0_rank2360,Automatic,1,ok,544.492,90,2,1,0,0,2305843009213693967:87;2305843009213693973:3,Symbolica_default,cached_powers_Q,14,7,0.468,BalancedZippelSeparated
fire7_nb0_rank2361,Automatic,1,ok,262.171,63,2,1,0,0,2305843009213693967:60;2305843009213693973:3,Symbolica_default,cached_powers_Q,18,2,0.224,BalancedZippelSeparated
fire7_nb0_rank2362,Automatic,1,ok,443.021,56,2,1,0,0,2305843009213693967:53;2305843009213693973:3,Symbolica_default,cached_powers_Q,15,6,0.516,BalancedZippelSeparated
fire7_nb0_rank2363,Automatic,1,ok,307.522,57,2,1,0,0,2305843009213693967:54;2305843009213693973:3,Symbolica_default,cached_powers_Q,12,6,0.256,BalancedZippelSeparated
fire7_nb0_rank2364,Automatic,1,ok,277.171,66,2,1,0,0,2305843009213693967:63;2305843009213693973:3,Symbolica_default,cached_powers_Q,16,4,0.232,BalancedZippelSeparated
fire7_nb0_rank2365,Automatic,1,ok,415.882,57,2,1,0,0,2305843009213693967:54;2305843009213693973:3,Symbolica_default,cached_powers_Q,10,4,0.225,BalancedZippelSeparated
fire7_nb0_rank2366,Automatic,1,ok,403.772,52,2,1,0,0,2305843009213693967:49;2305843009213693973:3,Symbolica_default,cached_powers_Q,15,3,0.213,BalancedZippelSeparated
fire7_nb0_rank2367,Automatic,1,ok,336.101,48,2,1,0,0,2305843009213693967:45;2305843009213693973:3,Symbolica_default,cached_powers_Q,15,4,0.346,BalancedZippelSeparated
fire7_nb0_rank2368,Automatic,1,ok,280.781,49,2,1,0,0,2305843009213693967:46;2305843009213693973:3,Symbolica_default,cached_powers_Q,10,8,0.397,BalancedZippelSeparated
fire7_nb0_rank2369,Automatic,1,ok,430.442,70,2,1,0,0,2305843009213693967:67;2305843009213693973:3,Symbolica_default,cached_powers_Q,16,3,0.246,BalancedZippelSeparated
fire7_nb0_rank2370,Automatic,1,ok,453.952,58,2,1,0,0,2305843009213693967:55;2305843009213693973:3,Symbolica_default,cached_powers_Q,15,6,0.471,BalancedZippelSeparated
fire7_nb0_rank2371,Automatic,1,ok,260.521,50,2,1,0,0,2305843009213693967:47;2305843009213693973:3,Symbolica_default,cached_powers_Q,15,6,0.346,BalancedZippelSeparated
fire7_nb0_rank2372,Automatic,1,ok,267.521,50,2,1,0,0,2305843009213693967:47;2305843009213693973:3,Symbolica_default,cached_powers_Q,10,8,0.269,BalancedZippelSeparated
fire7_nb0_rank2373,Automatic,1,ok,262.111,50,2,1,0,0,2305843009213693967:47;2305843009213693973:3,Symbolica_default,cached_powers_Q,10,8,0.234,BalancedZippelSeparated
fire7_nb0_rank2374,Automatic,1,ok,285.161,58,2,1,0,0,2305843009213693967:55;2305843009213693973:3,Symbolica_default,cached_powers_Q,13,4,0.385,BalancedZippelSeparated
fire7_nb0_rank2375,Automatic,1,ok,349.531,70,2,1,0,0,2305843009213693967:67;2305843009213693973:3,Symbolica_default,cached_powers_Q,18,3,0.561,BalancedZippelSeparated
fire7_nb0_rank2376,Automatic,1,ok,246.371,59,2,1,0,0,2305843009213693967:56;2305843009213693973:3,Symbolica_default,cached_powers_Q,10,4,0.242,BalancedZippelSeparated
fire7_nb0_rank2377,Automatic,1,ok,273.641,49,2,1,0,0,2305843009213693967:46;2305843009213693973:3,Symbolica_default,cached_powers_Q,16,2,0.238,BalancedZippelSeparated
fire7_nb0_rank2378,Automatic,1,ok,255.271,50,2,1,0,0,2305843009213693967:47;2305843009213693973:3,Symbolica_default,cached_powers_Q,16,2,0.243,BalancedZippelSeparated
fire7_nb0_rank2379,Automatic,1,ok,350.791,52,2,1,0,0,2305843009213693967:49;2305843009213693973:3,Symbolica_default,cached_powers_Q,16,2,0.519,BalancedZippelSeparated
fire7_nb0_rank2380,Automatic,1,ok,389.341,53,2,1,0,0,2305843009213693967:50;2305843009213693973:3,Symbolica_default,cached_powers_Q,11,9,0.519,BalancedZippelSeparated
fire7_nb0_rank2381,Automatic,1,ok,419.012,53,2,1,0,0,2305843009213693967:50;2305843009213693973:3,Symbolica_default,cached_powers_Q,11,9,0.237,BalancedZippelSeparated
fire7_nb0_rank2382,Automatic,1,ok,269.161,51,2,1,0,0,2305843009213693967:48;2305843009213693973:3,Symbolica_default,cached_powers_Q,16,2,0.362,BalancedZippelSeparated
fire7_nb0_rank2383,Automatic,1,ok,452.731,63,2,1,0,0,2305843009213693967:60;2305843009213693973:3,Symbolica_default,cached_powers_Q,9,12,0.231,BalancedZippelSeparated
fire7_nb0_rank2384,Automatic,1,ok,529.142,49,2,1,0,0,2305843009213693967:46;2305843009213693973:3,Symbolica_default,cached_powers_Q,16,2,0.521,BalancedZippelSeparated
fire7_nb0_rank2385,Automatic,1,ok,699.582,79,2,1,0,0,2305843009213693967:76;2305843009213693973:3,Symbolica_default,cached_powers_Q,16,6,0.353,BalancedZippelSeparated
fire7_nb0_rank2386,Automatic,1,ok,425.401,91,2,1,0,0,2305843009213693967:88;2305843009213693973:3,Symbolica_default,cached_powers_Q,12,7,0.369,BalancedZippelSeparated
fire7_nb0_rank2387,Automatic,1,ok,527.722,57,2,1,0,0,2305843009213693967:54;2305843009213693973:3,Symbolica_default,cached_powers_Q,10,4,0.305,BalancedZippelSeparated
fire7_nb0_rank2388,Automatic,1,ok,503.762,79,2,1,0,0,2305843009213693967:76;2305843009213693973:3,Symbolica_default,cached_powers_Q,16,6,0.360,BalancedZippelSeparated
fire7_nb0_rank2389,Automatic,1,ok,399.091,56,2,1,0,0,2305843009213693967:53;2305843009213693973:3,Symbolica_default,cached_powers_Q,4,15,0.406,BalancedZippelSeparated
fire7_nb0_rank2390,Automatic,1,ok,254.021,48,2,1,0,0,2305843009213693967:45;2305843009213693973:3,Symbolica_default,cached_powers_Q,12,6,0.222,BalancedZippelSeparated
fire7_nb0_rank2391,Automatic,1,ok,254.351,48,2,1,0,0,2305843009213693967:45;2305843009213693973:3,Symbolica_default,cached_powers_Q,12,6,0.436,BalancedZippelSeparated
fire7_nb0_rank2392,Automatic,1,ok,508.522,54,2,1,0,0,2305843009213693967:51;2305843009213693973:3,Symbolica_default,cached_powers_Q,4,15,0.336,BalancedZippelSeparated
fire7_nb0_rank2393,Automatic,1,ok,548.442,48,2,1,0,0,2305843009213693967:45;2305843009213693973:3,Symbolica_default,cached_powers_Q,12,6,0.521,BalancedZippelSeparated
fire7_nb0_rank2394,Automatic,1,ok,238.220,56,2,1,0,0,2305843009213693967:53;2305843009213693973:3,Symbolica_default,cached_powers_Q,4,15,0.257,BalancedZippelSeparated
fire7_nb0_rank2395,Automatic,1,ok,525.722,48,2,1,0,0,2305843009213693967:45;2305843009213693973:3,Symbolica_default,cached_powers_Q,12,6,0.332,BalancedZippelSeparated
fire7_nb0_rank2396,Automatic,1,ok,652.992,61,2,1,0,0,2305843009213693967:58;2305843009213693973:3,Symbolica_default,cached_powers_Q,15,6,0.483,BalancedZippelSeparated
fire7_nb0_rank2397,Automatic,1,ok,315.611,59,2,1,0,0,2305843009213693967:56;2305843009213693973:3,Symbolica_default,cached_powers_Q,15,6,0.249,BalancedZippelSeparated
fire7_nb0_rank2398,Automatic,1,ok,298.331,59,2,1,0,0,2305843009213693967:56;2305843009213693973:3,Symbolica_default,cached_powers_Q,15,6,0.376,BalancedZippelSeparated
fire7_nb0_rank2399,Automatic,1,ok,628.112,64,2,1,0,0,2305843009213693967:61;2305843009213693973:3,Symbolica_default,cached_powers_Q,18,3,0.350,BalancedZippelSeparated
fire7_nb0_rank2400,Automatic,1,ok,332.321,56,2,1,0,0,2305843009213693967:53;2305843009213693973:3,Symbolica_default,cached_powers_Q,15,6,0.237,BalancedZippelSeparated
fire7_nb0_rank2401,Automatic,1,ok,265.331,51,2,1,0,0,2305843009213693967:48;2305843009213693973:3,Symbolica_default,cached_powers_Q,10,6,0.265,BalancedZippelSeparated
fire7_nb0_rank2402,Automatic,1,ok,454.551,59,2,1,0,0,2305843009213693967:56;2305843009213693973:3,Symbolica_default,cached_powers_Q,15,3,0.481,BalancedZippelSeparated
fire7_nb0_rank2403,Automatic,1,ok,263.930,60,2,1,0,0,2305843009213693967:57;2305843009213693973:3,Symbolica_default,cached_powers_Q,15,4,0.248,BalancedZippelSeparated
fire7_nb0_rank2404,Automatic,1,ok,314.671,61,2,1,0,0,2305843009213693967:58;2305843009213693973:3,Symbolica_default,cached_powers_Q,11,10,0.233,BalancedZippelSeparated
fire7_nb0_rank2405,Automatic,1,ok,447.762,54,2,1,0,0,2305843009213693967:51;2305843009213693973:3,Symbolica_default,cached_powers_Q,12,6,0.479,BalancedZippelSeparated
fire7_nb0_rank2406,Automatic,1,ok,304.701,59,2,1,0,0,2305843009213693967:56;2305843009213693973:3,Symbolica_default,cached_powers_Q,15,3,0.255,BalancedZippelSeparated
fire7_nb0_rank2407,Automatic,1,ok,296.411,54,2,1,0,0,2305843009213693967:51;2305843009213693973:3,Symbolica_default,cached_powers_Q,12,6,0.243,BalancedZippelSeparated
fire7_nb0_rank2408,Automatic,1,ok,473.992,57,2,1,0,0,2305843009213693967:54;2305843009213693973:3,Symbolica_default,cached_powers_Q,15,3,0.263,BalancedZippelSeparated
fire7_nb0_rank2409,Automatic,1,ok,338.181,50,2,1,0,0,2305843009213693967:47;2305843009213693973:3,Symbolica_default,cached_powers_Q,12,9,0.384,BalancedZippelSeparated
fire7_nb0_rank2410,Automatic,1,ok,590.542,50,2,1,0,0,2305843009213693967:47;2305843009213693973:3,Symbolica_default,cached_powers_Q,12,9,0.357,BalancedZippelSeparated
fire7_nb0_rank2411,Automatic,1,ok,605.572,54,2,1,0,0,2305843009213693967:51;2305843009213693973:3,Symbolica_default,cached_powers_Q,12,6,0.334,BalancedZippelSeparated
fire7_nb0_rank2412,Automatic,1,ok,244.350,53,2,1,0,0,2305843009213693967:50;2305843009213693973:3,Symbolica_default,cached_powers_Q,12,4,0.241,BalancedZippelSeparated
fire7_nb0_rank2413,Automatic,1,ok,442.452,57,2,1,0,0,2305843009213693967:54;2305843009213693973:3,Symbolica_default,cached_powers_Q,15,6,0.233,BalancedZippelSeparated
fire7_nb0_rank2414,Automatic,1,ok,623.042,57,2,1,0,0,2305843009213693967:54;2305843009213693973:3,Symbolica_default,cached_powers_Q,15,6,0.344,BalancedZippelSeparated
fire7_nb0_rank2415,Automatic,1,ok,278.551,51,2,1,0,0,2305843009213693967:48;2305843009213693973:3,Symbolica_default,cached_powers_Q,10,6,0.266,BalancedZippelSeparated
fire7_nb0_rank2416,Automatic,1,ok,298.432,51,2,1,0,0,2305843009213693967:48;2305843009213693973:3,Symbolica_default,cached_powers_Q,10,6,0.393,BalancedZippelSeparated
fire7_nb0_rank2417,Automatic,1,ok,323.902,54,2,1,0,0,2305843009213693967:51;2305843009213693973:3,Symbolica_default,cached_powers_Q,12,6,0.249,BalancedZippelSeparated
fire7_nb0_rank2418,Automatic,1,ok,535.002,52,2,1,0,0,2305843009213693967:49;2305843009213693973:3,Symbolica_default,cached_powers_Q,12,9,0.277,BalancedZippelSeparated
fire7_nb0_rank2419,Automatic,1,ok,266.221,68,2,1,0,0,2305843009213693967:65;2305843009213693973:3,Symbolica_default,cached_powers_Q,5,12,0.260,BalancedZippelSeparated
fire7_nb0_rank2420,Automatic,1,ok,233.861,53,2,1,0,0,2305843009213693967:50;2305843009213693973:3,Symbolica_default,cached_powers_Q,6,10,0.237,BalancedZippelSeparated
fire7_nb0_rank2421,Automatic,1,ok,521.402,53,2,1,0,0,2305843009213693967:50;2305843009213693973:3,Symbolica_default,cached_powers_Q,6,10,0.331,BalancedZippelSeparated
fire7_nb0_rank2422,Automatic,1,ok,621.442,54,2,1,0,0,2305843009213693967:51;2305843009213693973:3,Symbolica_default,cached_powers_Q,12,6,0.345,BalancedZippelSeparated
fire7_nb0_rank2423,Automatic,1,ok,315.761,54,2,1,0,0,2305843009213693967:51;2305843009213693973:3,Symbolica_default,cached_powers_Q,12,6,0.385,BalancedZippelSeparated
fire7_nb0_rank2424,Automatic,1,ok,299.321,58,2,1,0,0,2305843009213693967:55;2305843009213693973:3,Symbolica_default,cached_powers_Q,15,4,0.279,BalancedZippelSeparated
fire7_nb0_rank2425,Automatic,1,ok,418.681,74,2,1,0,0,2305843009213693967:71;2305843009213693973:3,Symbolica_default,cached_powers_Q,16,5,0.531,BalancedZippelSeparated
fire7_nb0_rank2426,Automatic,1,ok,498.331,56,2,1,0,0,2305843009213693967:53;2305843009213693973:3,Symbolica_default,cached_powers_Q,15,6,0.256,BalancedZippelSeparated
fire7_nb0_rank2427,Automatic,1,ok,283.051,54,2,1,0,0,2305843009213693967:51;2305843009213693973:3,Symbolica_default,cached_powers_Q,9,6,0.236,BalancedZippelSeparated
fire7_nb0_rank2428,Automatic,1,ok,343.611,51,2,1,0,0,2305843009213693967:48;2305843009213693973:3,Symbolica_default,cached_powers_Q,15,2,0.352,BalancedZippelSeparated
fire7_nb0_rank2429,Automatic,1,ok,333.361,61,2,1,0,0,2305843009213693967:58;2305843009213693973:3,Symbolica_default,cached_powers_Q,15,6,0.255,BalancedZippelSeparated
fire7_nb0_rank2430,Automatic,1,ok,251.531,58,2,1,0,0,2305843009213693967:55;2305843009213693973:3,Symbolica_default,cached_powers_Q,3,18,0.408,BalancedZippelSeparated
fire7_nb0_rank2431,Automatic,1,ok,598.912,52,2,1,0,0,2305843009213693967:49;2305843009213693973:3,Symbolica_default,cached_powers_Q,15,4,0.341,BalancedZippelSeparated
fire7_nb0_rank2432,Automatic,1,ok,322.711,61,2,1,0,0,2305843009213693967:58;2305843009213693973:3,Symbolica_default,cached_powers_Q,15,6,0.278,BalancedZippelSeparated
fire7_nb0_rank2433,Automatic,1,ok,609.302,59,2,1,0,0,2305843009213693967:56;2305843009213693973:3,Symbolica_default,cached_powers_Q,15,6,0.538,BalancedZippelSeparated
fire7_nb0_rank2434,Automatic,1,ok,544.322,55,2,1,0,0,2305843009213693967:52;2305843009213693973:3,Symbolica_default,cached_powers_Q,11,4,0.573,BalancedZippelSeparated
fire7_nb0_rank2435,Automatic,1,ok,444.391,53,2,1,0,0,2305843009213693967:50;2305843009213693973:3,Symbolica_default,cached_powers_Q,12,6,0.258,BalancedZippelSeparated
fire7_nb0_rank2436,Automatic,1,ok,397.901,52,2,1,0,0,2305843009213693967:49;2305843009213693973:3,Symbolica_default,cached_powers_Q,15,4,0.466,BalancedZippelSeparated
fire7_nb0_rank2437,Automatic,1,ok,439.261,51,2,1,0,0,2305843009213693967:48;2305843009213693973:3,Symbolica_default,cached_powers_Q,5,8,0.416,BalancedZippelSeparated
fire7_nb0_rank2438,Automatic,1,ok,220.861,51,2,1,0,0,2305843009213693967:48;2305843009213693973:3,Symbolica_default,cached_powers_Q,5,8,0.255,BalancedZippelSeparated
fire7_nb0_rank2439,Automatic,1,ok,378.711,53,2,1,0,0,2305843009213693967:50;2305843009213693973:3,Symbolica_default,cached_powers_Q,12,6,0.331,BalancedZippelSeparated
fire7_nb0_rank2440,Automatic,1,ok,579.721,50,2,1,0,0,2305843009213693967:47;2305843009213693973:3,Symbolica_default,cached_powers_Q,12,6,0.330,BalancedZippelSeparated
fire7_nb0_rank2441,Automatic,1,ok,293.331,59,2,1,0,0,2305843009213693967:56;2305843009213693973:3,Symbolica_default,cached_powers_Q,9,10,0.247,BalancedZippelSeparated
fire7_nb0_rank2442,Automatic,1,ok,576.592,57,2,1,0,0,2305843009213693967:54;2305843009213693973:3,Symbolica_default,cached_powers_Q,9,10,0.321,BalancedZippelSeparated
fire7_nb0_rank2443,Automatic,1,ok,305.471,50,2,1,0,0,2305843009213693967:47;2305843009213693973:3,Symbolica_default,cached_powers_Q,4,12,0.513,BalancedZippelSeparated
fire7_nb0_rank2444,Automatic,1,ok,268.491,53,2,1,0,0,2305843009213693967:50;2305843009213693973:3,Symbolica_default,cached_powers_Q,9,6,0.258,BalancedZippelSeparated
fire7_nb0_rank2445,Automatic,1,ok,562.642,59,2,1,0,0,2305843009213693967:56;2305843009213693973:3,Symbolica_default,cached_powers_Q,9,10,0.328,BalancedZippelSeparated
fire7_nb0_rank2446,Automatic,1,ok,221.830,46,2,1,0,0,2305843009213693967:43;2305843009213693973:3,Symbolica_default,cached_powers_Q,12,3,0.238,BalancedZippelSeparated
fire7_nb0_rank2447,Automatic,1,ok,254.081,46,2,1,0,0,2305843009213693967:43;2305843009213693973:3,Symbolica_default,cached_powers_Q,12,6,0.403,BalancedZippelSeparated
fire7_nb0_rank2448,Automatic,1,ok,354.301,46,2,1,0,0,2305843009213693967:43;2305843009213693973:3,Symbolica_default,cached_powers_Q,12,6,0.345,BalancedZippelSeparated
fire7_nb0_rank2449,Automatic,1,ok,251.760,46,2,1,0,0,2305843009213693967:43;2305843009213693973:3,Symbolica_default,cached_powers_Q,12,6,0.399,BalancedZippelSeparated
fire7_nb0_rank2450,Automatic,1,ok,274.711,52,2,1,0,0,2305843009213693967:49;2305843009213693973:3,Symbolica_default,cached_powers_Q,4,15,0.381,BalancedZippelSeparated
fire7_nb0_rank2451,Automatic,1,ok,296.701,54,2,1,0,0,2305843009213693967:51;2305843009213693973:3,Symbolica_default,cached_powers_Q,4,15,0.324,BalancedZippelSeparated
fire7_nb0_rank2452,Automatic,1,ok,570.942,73,2,1,0,0,2305843009213693967:70;2305843009213693973:3,Symbolica_default,cached_powers_Q,14,4,0.535,BalancedZippelSeparated
fire7_nb0_rank2453,Automatic,1,ok,481.452,77,2,1,0,0,2305843009213693967:74;2305843009213693973:3,Symbolica_default,cached_powers_Q,9,9,0.241,BalancedZippelSeparated
fire7_nb0_rank2454,Automatic,1,ok,248.581,63,2,1,0,0,2305843009213693967:60;2305843009213693973:3,Symbolica_default,cached_powers_Q,4,14,0.271,BalancedZippelSeparated
fire7_nb0_rank2455,Automatic,1,ok,536.582,48,2,1,0,0,2305843009213693967:45;2305843009213693973:3,Symbolica_default,cached_powers_Q,12,6,0.285,BalancedZippelSeparated
fire7_nb0_rank2456,Automatic,1,ok,310.001,52,2,1,0,0,2305843009213693967:49;2305843009213693973:3,Symbolica_default,cached_powers_Q,10,9,0.270,BalancedZippelSeparated
fire7_nb0_rank2457,Automatic,1,ok,343.891,72,2,1,0,0,2305843009213693967:69;2305843009213693973:3,Symbolica_default,cached_powers_Q,4,14,0.238,BalancedZippelSeparated
fire7_nb0_rank2458,Automatic,1,ok,340.632,82,2,1,0,0,2305843009213693967:79;2305843009213693973:3,Symbolica_default,cached_powers_Q,17,2,0.420,BalancedZippelSeparated
fire7_nb0_rank2459,Automatic,1,ok,482.841,55,2,1,0,0,2305843009213693967:52;2305843009213693973:3,Symbolica_default,cached_powers_Q,12,6,0.244,BalancedZippelSeparated
fire7_nb0_rank2460,Automatic,1,ok,253.680,64,2,1,0,0,2305843009213693967:61;2305843009213693973:3,Symbolica_default,cached_powers_Q,4,12,0.254,BalancedZippelSeparated
fire7_nb0_rank2461,Automatic,1,ok,336.881,53,2,1,0,0,2305843009213693967:50;2305843009213693973:3,Symbolica_default,cached_powers_Q,6,10,0.312,BalancedZippelSeparated
fire7_nb0_rank2462,Automatic,1,ok,308.410,55,2,1,0,0,2305843009213693967:52;2305843009213693973:3,Symbolica_default,cached_powers_Q,14,6,0.255,BalancedZippelSeparated
fire7_nb0_rank2463,Automatic,1,ok,318.271,50,2,1,0,0,2305843009213693967:47;2305843009213693973:3,Symbolica_default,cached_powers_Q,12,9,0.297,BalancedZippelSeparated
fire7_nb0_rank2464,Automatic,1,ok,329.492,52,2,1,0,0,2305843009213693967:49;2305843009213693973:3,Symbolica_default,cached_powers_Q,4,15,0.524,BalancedZippelSeparated
fire7_nb0_rank2465,Automatic,1,ok,240.781,54,2,1,0,0,2305843009213693967:51;2305843009213693973:3,Symbolica_default,cached_powers_Q,4,15,0.251,BalancedZippelSeparated
fire7_nb0_rank2466,Automatic,1,ok,337.301,61,2,1,0,0,2305843009213693967:58;2305843009213693973:3,Symbolica_default,cached_powers_Q,9,12,0.237,BalancedZippelSeparated
fire7_nb0_rank2467,Automatic,1,ok,353.641,53,2,1,0,0,2305843009213693967:50;2305843009213693973:3,Symbolica_default,cached_powers_Q,10,3,0.446,BalancedZippelSeparated
fire7_nb0_rank2468,Automatic,1,ok,271.032,46,2,1,0,0,2305843009213693967:43;2305843009213693973:3,Symbolica_default,cached_powers_Q,12,6,0.289,BalancedZippelSeparated
fire7_nb0_rank2469,Automatic,1,ok,543.642,71,2,1,0,0,2305843009213693967:68;2305843009213693973:3,Symbolica_default,cached_powers_Q,16,2,0.326,BalancedZippelSeparated
fire7_nb0_rank2470,Automatic,1,ok,339.601,50,2,1,0,0,2305843009213693967:47;2305843009213693973:3,Symbolica_default,cached_powers_Q,10,6,0.386,BalancedZippelSeparated
fire7_nb0_rank2471,Automatic,1,ok,471.212,69,2,1,0,0,2305843009213693967:66;2305843009213693973:3,Symbolica_default,cached_powers_Q,16,3,0.252,BalancedZippelSeparated
fire7_nb0_rank2472,Automatic,1,ok,379.421,63,2,1,0,0,2305843009213693967:60;2305843009213693973:3,Symbolica_default,cached_powers_Q,10,10,0.243,BalancedZippelSeparated
fire7_nb0_rank2473,Automatic,1,ok,233.311,56,2,1,0,0,2305843009213693967:53;2305843009213693973:3,Symbolica_default,cached_powers_Q,10,2,0.240,BalancedZippelSeparated
fire7_nb0_rank2474,Automatic,1,ok,221.541,56,2,1,0,0,2305843009213693967:53;2305843009213693973:3,Symbolica_default,cached_powers_Q,10,2,0.398,BalancedZippelSeparated
fire7_nb0_rank2475,Automatic,1,ok,234.551,53,2,1,0,0,2305843009213693967:50;2305843009213693973:3,Symbolica_default,cached_powers_Q,5,9,0.235,BalancedZippelSeparated
fire7_nb0_rank2476,Automatic,1,ok,552.782,57,2,1,0,0,2305843009213693967:54;2305843009213693973:3,Symbolica_default,cached_powers_Q,9,10,0.359,BalancedZippelSeparated
fire7_nb0_rank2477,Automatic,1,ok,314.711,53,2,1,0,0,2305843009213693967:50;2305843009213693973:3,Symbolica_default,cached_powers_Q,12,6,0.402,BalancedZippelSeparated
fire7_nb0_rank2478,Automatic,1,ok,292.851,55,2,1,0,0,2305843009213693967:52;2305843009213693973:3,Symbolica_default,cached_powers_Q,9,10,0.393,BalancedZippelSeparated
fire7_nb0_rank2479,Automatic,1,ok,334.431,60,2,1,0,0,2305843009213693967:57;2305843009213693973:3,Symbolica_default,cached_powers_Q,4,10,0.518,BalancedZippelSeparated
fire7_nb0_rank2480,Automatic,1,ok,448.802,48,2,1,0,0,2305843009213693967:45;2305843009213693973:3,Symbolica_default,cached_powers_Q,12,6,0.276,BalancedZippelSeparated
fire7_nb0_rank2481,Automatic,1,ok,412.941,50,2,1,0,0,2305843009213693967:47;2305843009213693973:3,Symbolica_default,cached_powers_Q,12,3,0.245,BalancedZippelSeparated
fire7_nb0_rank2482,Automatic,1,ok,579.052,57,2,1,0,0,2305843009213693967:54;2305843009213693973:3,Symbolica_default,cached_powers_Q,9,10,0.323,BalancedZippelSeparated
fire7_nb0_rank2483,Automatic,1,ok,285.431,49,2,1,0,0,2305843009213693967:46;2305843009213693973:3,Symbolica_default,cached_powers_Q,12,4,0.450,BalancedZippelSeparated
fire7_nb0_rank2484,Automatic,1,ok,266.901,66,2,1,0,0,2305843009213693967:63;2305843009213693973:3,Symbolica_default,cached_powers_Q,4,12,0.252,BalancedZippelSeparated
fire7_nb0_rank2485,Automatic,1,ok,351.732,54,2,1,0,0,2305843009213693967:51;2305843009213693973:3,Symbolica_default,cached_powers_Q,15,2,0.335,BalancedZippelSeparated
fire7_nb0_rank2486,Automatic,1,ok,291.461,52,2,1,0,0,2305843009213693967:49;2305843009213693973:3,Symbolica_default,cached_powers_Q,12,4,0.253,BalancedZippelSeparated
fire7_nb0_rank2487,Automatic,1,ok,293.391,56,2,1,0,0,2305843009213693967:53;2305843009213693973:3,Symbolica_default,cached_powers_Q,10,2,0.331,BalancedZippelSeparated
fire7_nb0_rank2488,Automatic,1,ok,374.882,52,2,1,0,0,2305843009213693967:49;2305843009213693973:3,Symbolica_default,cached_powers_Q,8,6,0.497,BalancedZippelSeparated
fire7_nb0_rank2489,Automatic,1,ok,299.191,52,2,1,0,0,2305843009213693967:49;2305843009213693973:3,Symbolica_default,cached_powers_Q,8,6,0.417,BalancedZippelSeparated
fire7_nb0_rank2490,Automatic,1,ok,520.562,62,2,1,0,0,2305843009213693967:59;2305843009213693973:3,Symbolica_default,cached_powers_Q,5,10,0.341,BalancedZippelSeparated
fire7_nb0_rank2491,Automatic,1,ok,579.522,51,2,1,0,0,2305843009213693967:48;2305843009213693973:3,Symbolica_default,cached_powers_Q,12,6,0.312,BalancedZippelSeparated
fire7_nb0_rank2492,Automatic,1,ok,282.770,55,2,1,0,0,2305843009213693967:52;2305843009213693973:3,Symbolica_default,cached_powers_Q,9,10,0.258,BalancedZippelSeparated
fire7_nb0_rank2493,Automatic,1,ok,333.771,45,2,1,0,0,2305843009213693967:42;2305843009213693973:3,Symbolica_default,cached_powers_Q,12,4,0.495,BalancedZippelSeparated
fire7_nb0_rank2494,Automatic,1,ok,390.611,89,2,1,0,0,2305843009213693967:86;2305843009213693973:3,Symbolica_default,cached_powers_Q,16,2,0.304,BalancedZippelSeparated
fire7_nb0_rank2495,Automatic,1,ok,513.492,57,2,1,0,0,2305843009213693967:54;2305843009213693973:3,Symbolica_default,cached_powers_Q,9,10,0.264,BalancedZippelSeparated
fire7_nb0_rank2496,Automatic,1,ok,520.932,49,2,1,0,0,2305843009213693967:46;2305843009213693973:3,Symbolica_default,cached_powers_Q,9,6,0.329,BalancedZippelSeparated
fire7_nb0_rank2497,Automatic,1,ok,409.302,55,2,1,0,0,2305843009213693967:52;2305843009213693973:3,Symbolica_default,cached_powers_Q,9,10,0.240,BalancedZippelSeparated
fire7_nb0_rank2498,Automatic,1,ok,555.392,74,2,1,0,0,2305843009213693967:71;2305843009213693973:3,Symbolica_default,cached_powers_Q,14,5,0.278,BalancedZippelSeparated
fire7_nb0_rank2499,Automatic,1,ok,317.541,49,2,1,0,0,2305843009213693967:46;2305843009213693973:3,Symbolica_default,cached_powers_Q,10,4,0.484,BalancedZippelSeparated
fire7_nb0_rank2500,Automatic,1,ok,525.262,51,2,1,0,0,2305843009213693967:48;2305843009213693973:3,Symbolica_default,cached_powers_Q,12,6,0.321,BalancedZippelSeparated
fire7_nb0_rank2501,Automatic,1,ok,298.951,48,2,1,0,0,2305843009213693967:45;2305843009213693973:3,Symbolica_default,cached_powers_Q,9,9,0.263,BalancedZippelSeparated
fire7_nb0_rank2502,Automatic,1,ok,478.092,45,2,1,0,0,2305843009213693967:42;2305843009213693973:3,Symbolica_default,cached_powers_Q,12,2,0.331,BalancedZippelSeparated
fire7_nb0_rank2503,Automatic,1,ok,566.332,70,2,1,0,0,2305843009213693967:67;2305843009213693973:3,Symbolica_default,cached_powers_Q,14,3,0.274,BalancedZippelSeparated
fire7_nb0_rank2504,Automatic,1,ok,291.231,49,2,1,0,0,2305843009213693967:46;2305843009213693973:3,Symbolica_default,cached_powers_Q,5,8,0.543,BalancedZippelSeparated
fire7_nb0_rank2505,Automatic,1,ok,229.631,49,2,1,0,0,2305843009213693967:46;2305843009213693973:3,Symbolica_default,cached_powers_Q,5,8,0.238,BalancedZippelSeparated
fire7_nb0_rank2506,Automatic,1,ok,282.491,46,2,1,0,0,2305843009213693967:43;2305843009213693973:3,Symbolica_default,cached_powers_Q,12,2,0.303,BalancedZippelSeparated
fire7_nb0_rank2507,Automatic,1,ok,456.461,54,2,1,0,0,2305843009213693967:51;2305843009213693973:3,Symbolica_default,cached_powers_Q,4,15,0.250,BalancedZippelSeparated
fire7_nb0_rank2508,Automatic,1,ok,228.591,52,2,1,0,0,2305843009213693967:49;2305843009213693973:3,Symbolica_default,cached_powers_Q,4,15,0.249,BalancedZippelSeparated
fire7_nb0_rank2509,Automatic,1,ok,268.501,54,2,1,0,0,2305843009213693967:51;2305843009213693973:3,Symbolica_default,cached_powers_Q,4,15,0.344,BalancedZippelSeparated
fire7_nb0_rank2510,Automatic,1,ok,285.411,52,2,1,0,0,2305843009213693967:49;2305843009213693973:3,Symbolica_default,cached_powers_Q,10,8,0.372,BalancedZippelSeparated
fire7_nb0_rank2511,Automatic,1,ok,272.881,50,2,1,0,0,2305843009213693967:47;2305843009213693973:3,Symbolica_default,cached_powers_Q,12,4,0.236,BalancedZippelSeparated
fire7_nb0_rank2512,Automatic,1,ok,669.493,55,2,1,0,0,2305843009213693967:52;2305843009213693973:3,Symbolica_default,cached_powers_Q,9,10,0.484,BalancedZippelSeparated
fire7_nb0_rank2513,Automatic,1,ok,437.781,50,2,1,0,0,2305843009213693967:47;2305843009213693973:3,Symbolica_default,cached_powers_Q,12,3,0.221,BalancedZippelSeparated
fire7_nb0_rank2514,Automatic,1,ok,245.801,55,2,1,0,0,2305843009213693967:52;2305843009213693973:3,Symbolica_default,cached_powers_Q,5,9,0.234,BalancedZippelSeparated
fire7_nb0_rank2515,Automatic,1,ok,416.902,47,2,1,0,0,2305843009213693967:44;2305843009213693973:3,Symbolica_default,cached_powers_Q,12,2,0.229,BalancedZippelSeparated
fire7_nb0_rank2516,Automatic,1,ok,274.241,48,2,1,0,0,2305843009213693967:45;2305843009213693973:3,Symbolica_default,cached_powers_Q,8,9,0.255,BalancedZippelSeparated
fire7_nb0_rank2517,Automatic,1,ok,334.741,55,2,1,0,0,2305843009213693967:52;2305843009213693973:3,Symbolica_default,cached_powers_Q,14,4,0.368,BalancedZippelSeparated
fire7_nb0_rank2518,Automatic,1,ok,486.972,57,2,1,0,0,2305843009213693967:54;2305843009213693973:3,Symbolica_default,cached_powers_Q,9,10,0.245,BalancedZippelSeparated
fire7_nb0_rank2519,Automatic,1,ok,424.091,51,2,1,0,0,2305843009213693967:48;2305843009213693973:3,Symbolica_default,cached_powers_Q,12,4,0.385,BalancedZippelSeparated
fire7_nb0_rank2520,Automatic,1,ok,315.901,55,2,1,0,0,2305843009213693967:52;2305843009213693973:3,Symbolica_default,cached_powers_Q,9,10,0.257,BalancedZippelSeparated
fire7_nb0_rank2521,Automatic,1,ok,336.701,47,2,1,0,0,2305843009213693967:44;2305843009213693973:3,Symbolica_default,cached_powers_Q,12,2,0.318,BalancedZippelSeparated
fire7_nb0_rank2522,Automatic,1,ok,252.161,48,2,1,0,0,2305843009213693967:45;2305843009213693973:3,Symbolica_default,cached_powers_Q,12,4,0.234,BalancedZippelSeparated
fire7_nb0_rank2523,Automatic,1,ok,448.241,51,2,1,0,0,2305843009213693967:48;2305843009213693973:3,Symbolica_default,cached_powers_Q,12,4,0.237,BalancedZippelSeparated
fire7_nb0_rank2524,Automatic,1,ok,210.611,52,2,1,0,0,2305843009213693967:49;2305843009213693973:3,Symbolica_default,cached_powers_Q,10,2,0.220,BalancedZippelSeparated
fire7_nb0_rank2525,Automatic,1,ok,522.652,47,2,1,0,0,2305843009213693967:44;2305843009213693973:3,Symbolica_default,cached_powers_Q,12,4,0.322,BalancedZippelSeparated
fire7_nb0_rank2526,Automatic,1,ok,441.542,56,2,1,0,0,2305843009213693967:53;2305843009213693973:3,Symbolica_default,cached_powers_Q,7,5,0.316,BalancedZippelSeparated
fire7_nb0_rank2527,Automatic,1,ok,303.421,47,2,1,0,0,2305843009213693967:44;2305843009213693973:3,Symbolica_default,cached_powers_Q,9,9,0.388,BalancedZippelSeparated
fire7_nb0_rank2528,Automatic,1,ok,439.832,55,2,1,0,0,2305843009213693967:52;2305843009213693973:3,Symbolica_default,cached_powers_Q,9,10,0.253,BalancedZippelSeparated
fire7_nb0_rank2529,Automatic,1,ok,288.721,48,2,1,0,0,2305843009213693967:45;2305843009213693973:3,Symbolica_default,cached_powers_Q,12,3,0.354,BalancedZippelSeparated
fire7_nb0_rank2530,Automatic,1,ok,257.881,47,2,1,0,0,2305843009213693967:44;2305843009213693973:3,Symbolica_default,cached_powers_Q,10,4,0.231,BalancedZippelSeparated
fire7_nb0_rank2531,Automatic,1,ok,521.351,47,2,1,0,0,2305843009213693967:44;2305843009213693973:3,Symbolica_default,cached_powers_Q,10,4,0.338,BalancedZippelSeparated
fire7_nb0_rank2532,Automatic,1,ok,250.191,47,2,1,0,0,2305843009213693967:44;2305843009213693973:3,Symbolica_default,cached_powers_Q,12,2,0.230,BalancedZippelSeparated
fire7_nb0_rank2533,Automatic,1,ok,235.661,65,2,1,0,0,2305843009213693967:62;2305843009213693973:3,Symbolica_default,cached_powers_Q,3,14,0.225,BalancedZippelSeparated
fire7_nb0_rank2534,Automatic,1,ok,250.241,47,2,1,0,0,2305843009213693967:44;2305843009213693973:3,Symbolica_default,cached_powers_Q,8,6,0.220,BalancedZippelSeparated
fire7_nb0_rank2535,Automatic,1,ok,340.591,65,2,1,0,0,2305843009213693967:62;2305843009213693973:3,Symbolica_default,cached_powers_Q,3,14,0.311,BalancedZippelSeparated
fire7_nb0_rank2536,Automatic,1,ok,242.380,45,2,1,0,0,2305843009213693967:42;2305843009213693973:3,Symbolica_default,cached_powers_Q,9,4,0.241,BalancedZippelSeparated
fire7_nb0_rank2537,Automatic,1,ok,422.952,47,2,1,0,0,2305843009213693967:44;2305843009213693973:3,Symbolica_default,cached_powers_Q,8,6,0.250,BalancedZippelSeparated
fire7_nb0_rank2538,Automatic,1,ok,371.481,58,2,1,0,0,2305843009213693967:55;2305843009213693973:3,Symbolica_default,cached_powers_Q,5,6,0.211,BalancedZippelSeparated
fire7_nb0_rank2539,Automatic,1,ok,429.551,61,2,1,0,0,2305843009213693967:58;2305843009213693973:3,Symbolica_default,cached_powers_Q,12,6,0.222,BalancedZippelSeparated
fire7_nb0_rank2540,Automatic,1,ok,285.041,47,2,1,0,0,2305843009213693967:44;2305843009213693973:3,Symbolica_default,cached_powers_Q,9,4,0.335,BalancedZippelSeparated
fire7_nb0_rank2541,Automatic,1,ok,234.701,58,2,1,0,0,2305843009213693967:55;2305843009213693973:3,Symbolica_default,cached_powers_Q,4,10,0.235,BalancedZippelSeparated
fire7_nb0_rank2542,Automatic,1,ok,276.611,61,2,1,0,0,2305843009213693967:58;2305843009213693973:3,Symbolica_default,cached_powers_Q,12,6,0.233,BalancedZippelSeparated
fire7_nb0_rank2543,Automatic,1,ok,232.151,46,2,1,0,0,2305843009213693967:43;2305843009213693973:3,Symbolica_default,cached_powers_Q,10,4,0.220,BalancedZippelSeparated
fire7_nb0_rank2544,Automatic,1,ok,246.761,46,2,1,0,0,2305843009213693967:43;2305843009213693973:3,Symbolica_default,cached_powers_Q,10,4,0.386,BalancedZippelSeparated
fire7_nb0_rank2545,Automatic,1,ok,330.932,51,2,1,0,0,2305843009213693967:48;2305843009213693973:3,Symbolica_default,cached_powers_Q,8,6,0.374,BalancedZippelSeparated
fire7_nb0_rank2546,Automatic,1,ok,379.661,51,2,1,0,0,2305843009213693967:48;2305843009213693973:3,Symbolica_default,cached_powers_Q,8,6,0.316,BalancedZippelSeparated
fire7_nb0_rank2547,Automatic,1,ok,255.511,55,2,1,0,0,2305843009213693967:52;2305843009213693973:3,Symbolica_default,cached_powers_Q,10,6,0.212,BalancedZippelSeparated
fire7_nb0_rank2548,Automatic,1,ok,387.892,45,2,1,0,0,2305843009213693967:42;2305843009213693973:3,Symbolica_default,cached_powers_Q,8,6,0.220,BalancedZippelSeparated
fire7_nb0_rank2549,Automatic,1,ok,306.301,58,2,1,0,0,2305843009213693967:55;2305843009213693973:3,Symbolica_default,cached_powers_Q,12,3,0.317,BalancedZippelSeparated
fire7_nb0_rank2550,Automatic,1,ok,311.931,74,2,1,0,0,2305843009213693967:71;2305843009213693973:3,Symbolica_default,cached_powers_Q,9,7,0.255,BalancedZippelSeparated
fire7_nb0_rank2551,Automatic,1,ok,384.901,68,2,1,0,0,2305843009213693967:65;2305843009213693973:3,Symbolica_default,cached_powers_Q,9,7,0.337,BalancedZippelSeparated
fire7_nb0_rank2552,Automatic,1,ok,270.141,47,2,1,0,0,2305843009213693967:44;2305843009213693973:3,Symbolica_default,cached_powers_Q,9,6,0.231,BalancedZippelSeparated
fire7_nb0_rank2553,Automatic,1,ok,212.871,48,2,1,0,0,2305843009213693967:45;2305843009213693973:3,Symbolica_default,cached_powers_Q,10,3,0.203,BalancedZippelSeparated
fire7_nb0_rank2554,Automatic,1,ok,237.441,47,2,1,0,0,2305843009213693967:44;2305843009213693973:3,Symbolica_default,cached_powers_Q,11,2,0.207,BalancedZippelSeparated
fire7_nb0_rank2555,Automatic,1,ok,578.662,51,2,1,0,0,2305843009213693967:48;2305843009213693973:3,Symbolica_default,cached_powers_Q,8,6,0.532,BalancedZippelSeparated
fire7_nb0_rank2556,Automatic,1,ok,396.362,48,2,1,0,0,2305843009213693967:45;2305843009213693973:3,Symbolica_default,cached_powers_Q,10,3,0.242,BalancedZippelSeparated
fire7_nb0_rank2557,Automatic,1,ok,220.401,48,2,1,0,0,2305843009213693967:45;2305843009213693973:3,Symbolica_default,cached_powers_Q,10,3,0.218,BalancedZippelSeparated
fire7_nb0_rank2558,Automatic,1,ok,300.601,44,2,1,0,0,2305843009213693967:41;2305843009213693973:3,Symbolica_default,cached_powers_Q,12,3,0.505,BalancedZippelSeparated
fire7_nb0_rank2559,Automatic,1,ok,219.161,44,2,1,0,0,2305843009213693967:41;2305843009213693973:3,Symbolica_default,cached_powers_Q,12,3,0.233,BalancedZippelSeparated
fire7_nb0_rank2560,Automatic,1,ok,224.041,48,2,1,0,0,2305843009213693967:45;2305843009213693973:3,Symbolica_default,cached_powers_Q,10,3,0.220,BalancedZippelSeparated
fire7_nb0_rank2561,Automatic,1,ok,229.140,44,2,1,0,0,2305843009213693967:41;2305843009213693973:3,Symbolica_default,cached_powers_Q,12,3,0.318,BalancedZippelSeparated
fire7_nb0_rank2562,Automatic,1,ok,195.721,48,2,1,0,0,2305843009213693967:45;2305843009213693973:3,Symbolica_default,cached_powers_Q,4,9,0.220,BalancedZippelSeparated
fire7_nb0_rank2563,Automatic,1,ok,339.321,52,2,1,0,0,2305843009213693967:49;2305843009213693973:3,Symbolica_default,cached_powers_Q,6,10,0.297,BalancedZippelSeparated
fire7_nb0_rank2564,Automatic,1,ok,236.411,46,2,1,0,0,2305843009213693967:43;2305843009213693973:3,Symbolica_default,cached_powers_Q,12,4,0.413,BalancedZippelSeparated
fire7_nb0_rank2565,Automatic,1,ok,248.461,52,2,1,0,0,2305843009213693967:49;2305843009213693973:3,Symbolica_default,cached_powers_Q,6,10,0.221,BalancedZippelSeparated
fire7_nb0_rank2566,Automatic,1,ok,228.371,62,2,1,0,0,2305843009213693967:59;2305843009213693973:3,Symbolica_default,cached_powers_Q,4,12,0.343,BalancedZippelSeparated
fire7_nb0_rank2567,Automatic,1,ok,281.991,47,2,1,0,0,2305843009213693967:44;2305843009213693973:3,Symbolica_default,cached_powers_Q,9,6,0.308,BalancedZippelSeparated
fire7_nb0_rank2568,Automatic,1,ok,359.752,47,2,1,0,0,2305843009213693967:44;2305843009213693973:3,Symbolica_default,cached_powers_Q,9,6,0.339,BalancedZippelSeparated
fire7_nb0_rank2569,Automatic,1,ok,256.201,55,2,1,0,0,2305843009213693967:52;2305843009213693973:3,Symbolica_default,cached_powers_Q,10,4,0.247,BalancedZippelSeparated
fire7_nb0_rank2570,Automatic,1,ok,412.202,49,2,1,0,0,2305843009213693967:46;2305843009213693973:3,Symbolica_default,cached_powers_Q,10,3,0.222,BalancedZippelSeparated
fire7_nb0_rank2571,Automatic,1,ok,336.991,55,2,1,0,0,2305843009213693967:52;2305843009213693973:3,Symbolica_default,cached_powers_Q,9,10,0.321,BalancedZippelSeparated
fire7_nb0_rank2572,Automatic,1,ok,262.911,66,2,1,0,0,2305843009213693967:63;2305843009213693973:3,Symbolica_default,cached_powers_Q,9,7,0.200,BalancedZippelSeparated
fire7_nb0_rank2573,Automatic,1,ok,332.011,62,2,1,0,0,2305843009213693967:59;2305843009213693973:3,Symbolica_default,cached_powers_Q,4,12,0.305,BalancedZippelSeparated
fire7_nb0_rank2574,Automatic,1,ok,228.421,48,2,1,0,0,2305843009213693967:45;2305843009213693973:3,Symbolica_default,cached_powers_Q,10,3,0.227,BalancedZippelSeparated
fire7_nb0_rank2575,Automatic,1,ok,210.451,48,2,1,0,0,2305843009213693967:45;2305843009213693973:3,Symbolica_default,cached_powers_Q,10,3,0.236,BalancedZippelSeparated
fire7_nb0_rank2576,Automatic,1,ok,233.751,58,2,1,0,0,2305843009213693967:55;2305843009213693973:3,Symbolica_default,cached_powers_Q,5,6,0.352,BalancedZippelSeparated
fire7_nb0_rank2577,Automatic,1,ok,366.922,58,2,1,0,0,2305843009213693967:55;2305843009213693973:3,Symbolica_default,cached_powers_Q,5,6,0.225,BalancedZippelSeparated
fire7_nb0_rank2578,Automatic,1,ok,474.541,48,2,1,0,0,2305843009213693967:45;2305843009213693973:3,Symbolica_default,cached_powers_Q,9,9,0.328,BalancedZippelSeparated
fire7_nb0_rank2579,Automatic,1,ok,315.571,55,2,1,0,0,2305843009213693967:52;2305843009213693973:3,Symbolica_default,cached_powers_Q,9,10,0.246,BalancedZippelSeparated
fire7_nb0_rank2580,Automatic,1,ok,219.241,48,2,1,0,0,2305843009213693967:45;2305843009213693973:3,Symbolica_default,cached_powers_Q,4,9,0.220,BalancedZippelSeparated
fire7_nb0_rank2581,Automatic,1,ok,254.970,47,2,1,0,0,2305843009213693967:44;2305843009213693973:3,Symbolica_default,cached_powers_Q,9,6,0.208,BalancedZippelSeparated
fire7_nb0_rank2582,Automatic,1,ok,204.571,47,2,1,0,0,2305843009213693967:44;2305843009213693973:3,Symbolica_default,cached_powers_Q,4,9,0.211,BalancedZippelSeparated
fire7_nb0_rank2583,Automatic,1,ok,312.171,47,2,1,0,0,2305843009213693967:44;2305843009213693973:3,Symbolica_default,cached_powers_Q,4,9,0.515,BalancedZippelSeparated
fire7_nb0_rank2584,Automatic,1,ok,219.310,46,2,1,0,0,2305843009213693967:43;2305843009213693973:3,Symbolica_default,cached_powers_Q,10,3,0.224,BalancedZippelSeparated
fire7_nb0_rank2585,Automatic,1,ok,405.542,45,2,1,0,0,2305843009213693967:42;2305843009213693973:3,Symbolica_default,cached_powers_Q,8,6,0.222,BalancedZippelSeparated
fire7_nb0_rank2586,Automatic,1,ok,228.071,48,2,1,0,0,2305843009213693967:45;2305843009213693973:3,Symbolica_default,cached_powers_Q,4,9,0.237,BalancedZippelSeparated
fire7_nb0_rank2587,Automatic,1,ok,326.231,66,2,1,0,0,2305843009213693967:63;2305843009213693973:3,Symbolica_default,cached_powers_Q,12,5,0.386,BalancedZippelSeparated
fire7_nb0_rank2588,Automatic,1,ok,260.321,59,2,1,0,0,2305843009213693967:56;2305843009213693973:3,Symbolica_default,cached_powers_Q,12,4,0.218,BalancedZippelSeparated
fire7_nb0_rank2589,Automatic,1,ok,370.032,62,2,1,0,0,2305843009213693967:59;2305843009213693973:3,Symbolica_default,cached_powers_Q,4,12,0.354,BalancedZippelSeparated
fire7_nb0_rank2590,Automatic,1,ok,238.681,53,2,1,0,0,2305843009213693967:50;2305843009213693973:3,Symbolica_default,cached_powers_Q,5,9,0.247,BalancedZippelSeparated
fire7_nb0_rank2591,Automatic,1,ok,386.611,50,2,1,0,0,2305843009213693967:47;2305843009213693973:3,Symbolica_default,cached_powers_Q,8,6,0.230,BalancedZippelSeparated
fire7_nb0_rank2592,Automatic,1,ok,522.092,53,2,1,0,0,2305843009213693967:50;2305843009213693973:3,Symbolica_default,cached_powers_Q,5,9,0.326,BalancedZippelSeparated
fire7_nb0_rank2593,Automatic,1,ok,252.511,50,2,1,0,0,2305843009213693967:47;2305843009213693973:3,Symbolica_default,cached_powers_Q,8,6,0.237,BalancedZippelSeparated
fire7_nb0_rank2594,Automatic,1,ok,330.201,53,2,1,0,0,2305843009213693967:50;2305843009213693973:3,Symbolica_default,cached_powers_Q,5,9,0.325,BalancedZippelSeparated
fire7_nb0_rank2595,Automatic,1,ok,250.381,53,2,1,0,0,2305843009213693967:50;2305843009213693973:3,Symbolica_default,cached_powers_Q,5,9,0.253,BalancedZippelSeparated
fire7_nb0_rank2596,Automatic,1,ok,223.371,50,2,1,0,0,2305843009213693967:47;2305843009213693973:3,Symbolica_default,cached_powers_Q,8,6,0.385,BalancedZippelSeparated
fire7_nb0_rank2597,Automatic,1,ok,231.151,50,2,1,0,0,2305843009213693967:47;2305843009213693973:3,Symbolica_default,cached_powers_Q,8,6,0.242,BalancedZippelSeparated
fire7_nb0_rank2598,Automatic,1,ok,366.201,58,2,1,0,0,2305843009213693967:55;2305843009213693973:3,Symbolica_default,cached_powers_Q,12,4,0.507,BalancedZippelSeparated
fire7_nb0_rank2599,Automatic,1,ok,334.921,62,2,1,0,0,2305843009213693967:59;2305843009213693973:3,Symbolica_default,cached_powers_Q,4,12,0.328,BalancedZippelSeparated
fire7_nb0_rank2600,Automatic,1,ok,232.011,50,2,1,0,0,2305843009213693967:47;2305843009213693973:3,Symbolica_default,cached_powers_Q,8,6,0.359,BalancedZippelSeparated
fire7_nb0_rank2601,Automatic,1,ok,260.870,49,2,1,0,0,2305843009213693967:46;2305843009213693973:3,Symbolica_default,cached_powers_Q,8,6,0.358,BalancedZippelSeparated
fire7_nb0_rank2602,Automatic,1,ok,214.671,52,2,1,0,0,2305843009213693967:49;2305843009213693973:3,Symbolica_default,cached_powers_Q,3,10,0.208,BalancedZippelSeparated
fire7_nb0_rank2603,Automatic,1,ok,248.961,47,2,1,0,0,2305843009213693967:44;2305843009213693973:3,Symbolica_default,cached_powers_Q,8,3,0.262,BalancedZippelSeparated
fire7_nb0_rank2604,Automatic,1,ok,451.372,50,2,1,0,0,2305843009213693967:47;2305843009213693973:3,Symbolica_default,cached_powers_Q,8,6,0.255,BalancedZippelSeparated
fire7_nb0_rank2605,Automatic,1,ok,258.671,50,2,1,0,0,2305843009213693967:47;2305843009213693973:3,Symbolica_default,cached_powers_Q,8,6,0.217,BalancedZippelSeparated
fire7_nb0_rank2606,Automatic,1,ok,250.141,47,2,1,0,0,2305843009213693967:44;2305843009213693973:3,Symbolica_default,cached_powers_Q,8,3,0.353,BalancedZippelSeparated
fire7_nb0_rank2607,Automatic,1,ok,323.611,46,2,1,0,0,2305843009213693967:43;2305843009213693973:3,Symbolica_default,cached_powers_Q,9,4,0.287,BalancedZippelSeparated
fire7_nb0_rank2608,Automatic,1,ok,317.292,48,2,1,0,0,2305843009213693967:45;2305843009213693973:3,Symbolica_default,cached_powers_Q,8,6,0.330,BalancedZippelSeparated
fire7_nb0_rank2609,Automatic,1,ok,411.702,48,2,1,0,0,2305843009213693967:45;2305843009213693973:3,Symbolica_default,cached_powers_Q,8,6,0.227,BalancedZippelSeparated
fire7_nb0_rank2610,Automatic,1,ok,222.351,47,2,1,0,0,2305843009213693967:44;2305843009213693973:3,Symbolica_default,cached_powers_Q,12,2,0.225,BalancedZippelSeparated
fire7_nb0_rank2611,Automatic,1,ok,221.141,49,2,1,0,0,2305843009213693967:46;2305843009213693973:3,Symbolica_default,cached_powers_Q,12,2,0.196,BalancedZippelSeparated
fire7_nb0_rank2612,Automatic,1,ok,357.571,56,2,1,0,0,2305843009213693967:53;2305843009213693973:3,Symbolica_default,cached_powers_Q,12,2,0.218,BalancedZippelSeparated
fire7_nb0_rank2613,Automatic,1,ok,495.562,51,2,1,0,0,2305843009213693967:48;2305843009213693973:3,Symbolica_default,cached_powers_Q,6,4,0.319,BalancedZippelSeparated
fire7_nb0_rank2614,Automatic,1,ok,309.801,49,2,1,0,0,2305843009213693967:46;2305843009213693973:3,Symbolica_default,cached_powers_Q,4,9,0.313,BalancedZippelSeparated
fire7_nb0_rank2615,Automatic,1,ok,229.561,46,2,1,0,0,2305843009213693967:43;2305843009213693973:3,Symbolica_default,cached_powers_Q,11,3,0.227,BalancedZippelSeparated
fire7_nb0_rank2616,Automatic,1,ok,226.291,45,2,1,0,0,2305843009213693967:42;2305843009213693973:3,Symbolica_default,cached_powers_Q,12,2,0.213,BalancedZippelSeparated
fire7_nb0_rank2617,Automatic,1,ok,211.300,47,2,1,0,0,2305843009213693967:44;2305843009213693973:3,Symbolica_default,cached_powers_Q,4,9,0.231,BalancedZippelSeparated
fire7_nb0_rank2618,Automatic,1,ok,470.041,47,2,1,0,0,2305843009213693967:44;2305843009213693973:3,Symbolica_default,cached_powers_Q,4,9,0.292,BalancedZippelSeparated
fire7_nb0_rank2619,Automatic,1,ok,448.301,52,2,1,0,0,2305843009213693967:49;2305843009213693973:3,Symbolica_default,cached_powers_Q,6,10,0.234,BalancedZippelSeparated
fire7_nb0_rank2620,Automatic,1,ok,281.811,50,2,1,0,0,2305843009213693967:47;2305843009213693973:3,Symbolica_default,cached_powers_Q,6,10,0.372,BalancedZippelSeparated
fire7_nb0_rank2621,Automatic,1,ok,269.840,50,2,1,0,0,2305843009213693967:47;2305843009213693973:3,Symbolica_default,cached_powers_Q,10,8,0.232,BalancedZippelSeparated
fire7_nb0_rank2622,Automatic,1,ok,304.441,56,2,1,0,0,2305843009213693967:53;2305843009213693973:3,Symbolica_default,cached_powers_Q,7,4,0.312,BalancedZippelSeparated
fire7_nb0_rank2623,Automatic,1,ok,273.391,47,2,1,0,0,2305843009213693967:44;2305843009213693973:3,Symbolica_default,cached_powers_Q,4,9,0.360,BalancedZippelSeparated
fire7_nb0_rank2624,Automatic,1,ok,233.072,52,2,1,0,0,2305843009213693967:49;2305843009213693973:3,Symbolica_default,cached_powers_Q,12,4,0.362,BalancedZippelSeparated
fire7_nb0_rank2625,Automatic,1,ok,283.001,48,2,1,0,0,2305843009213693967:45;2305843009213693973:3,Symbolica_default,cached_powers_Q,9,6,0.212,BalancedZippelSeparated
fire7_nb0_rank2626,Automatic,1,ok,377.131,46,2,1,0,0,2305843009213693967:43;2305843009213693973:3,Symbolica_default,cached_powers_Q,9,6,0.317,BalancedZippelSeparated
fire7_nb0_rank2627,Automatic,1,ok,391.521,46,2,1,0,0,2305843009213693967:43;2305843009213693973:3,Symbolica_default,cached_powers_Q,9,6,0.337,BalancedZippelSeparated
fire7_nb0_rank2628,Automatic,1,ok,259.931,46,2,1,0,0,2305843009213693967:43;2305843009213693973:3,Symbolica_default,cached_powers_Q,12,2,0.227,BalancedZippelSeparated
fire7_nb0_rank2629,Automatic,1,ok,226.581,47,2,1,0,0,2305843009213693967:44;2305843009213693973:3,Symbolica_default,cached_powers_Q,6,6,0.385,BalancedZippelSeparated
fire7_nb0_rank2630,Automatic,1,ok,369.091,50,2,1,0,0,2305843009213693967:47;2305843009213693973:3,Symbolica_default,cached_powers_Q,6,8,0.210,BalancedZippelSeparated
fire7_nb0_rank2631,Automatic,1,ok,301.401,56,2,1,0,0,2305843009213693967:53;2305843009213693973:3,Symbolica_default,cached_powers_Q,4,10,0.202,BalancedZippelSeparated
fire7_nb0_rank2632,Automatic,1,ok,317.501,47,2,1,0,0,2305843009213693967:44;2305843009213693973:3,Symbolica_default,cached_powers_Q,7,3,0.515,BalancedZippelSeparated
fire7_nb0_rank2633,Automatic,1,ok,266.061,52,2,1,0,0,2305843009213693967:49;2305843009213693973:3,Symbolica_default,cached_powers_Q,10,4,0.251,BalancedZippelSeparated
fire7_nb0_rank2634,Automatic,1,ok,286.311,61,2,1,0,0,2305843009213693967:58;2305843009213693973:3,Symbolica_default,cached_powers_Q,10,6,0.402,BalancedZippelSeparated
fire7_nb0_rank2635,Automatic,1,ok,416.442,49,2,1,0,0,2305843009213693967:46;2305843009213693973:3,Symbolica_default,cached_powers_Q,10,4,0.220,BalancedZippelSeparated
fire7_nb0_rank2636,Automatic,1,ok,231.781,50,2,1,0,0,2305843009213693967:47;2305843009213693973:3,Symbolica_default,cached_powers_Q,8,4,0.347,BalancedZippelSeparated
fire7_nb0_rank2637,Automatic,1,ok,238.240,47,2,1,0,0,2305843009213693967:44;2305843009213693973:3,Symbolica_default,cached_powers_Q,7,3,0.193,BalancedZippelSeparated
fire7_nb0_rank2638,Automatic,1,ok,522.722,48,2,1,0,0,2305843009213693967:45;2305843009213693973:3,Symbolica_default,cached_powers_Q,8,6,0.342,BalancedZippelSeparated
fire7_nb0_rank2639,Automatic,1,ok,292.081,50,2,1,0,0,2305843009213693967:47;2305843009213693973:3,Symbolica_default,cached_powers_Q,3,10,0.508,BalancedZippelSeparated
fire7_nb0_rank2640,Automatic,1,ok,473.792,47,2,1,0,0,2305843009213693967:44;2305843009213693973:3,Symbolica_default,cached_powers_Q,4,9,0.235,BalancedZippelSeparated
fire7_nb0_rank2641,Automatic,1,ok,236.841,51,2,1,0,0,2305843009213693967:48;2305843009213693973:3,Symbolica_default,cached_powers_Q,4,10,0.215,BalancedZippelSeparated
fire7_nb0_rank2642,Automatic,1,ok,344.572,66,2,1,0,0,2305843009213693967:63;2305843009213693973:3,Symbolica_default,cached_powers_Q,12,3,0.207,BalancedZippelSeparated
fire7_nb0_rank2643,Automatic,1,ok,406.701,51,2,1,0,0,2305843009213693967:48;2305843009213693973:3,Symbolica_default,cached_powers_Q,10,4,0.214,BalancedZippelSeparated
fire7_nb0_rank2644,Automatic,1,ok,239.471,48,2,1,0,0,2305843009213693967:45;2305843009213693973:3,Symbolica_default,cached_powers_Q,9,6,0.193,BalancedZippelSeparated
fire7_nb0_rank2645,Automatic,1,ok,313.561,61,2,1,0,0,2305843009213693967:58;2305843009213693973:3,Symbolica_default,cached_powers_Q,9,5,0.339,BalancedZippelSeparated
fire7_nb0_rank2646,Automatic,1,ok,397.831,64,2,1,0,0,2305843009213693967:61;2305843009213693973:3,Symbolica_default,cached_powers_Q,12,5,0.475,BalancedZippelSeparated
fire7_nb0_rank2647,Automatic,1,ok,534.401,51,2,1,0,0,2305843009213693967:48;2305843009213693973:3,Symbolica_default,cached_powers_Q,4,10,0.293,BalancedZippelSeparated
fire7_nb0_rank2648,Automatic,1,ok,268.051,61,2,1,0,0,2305843009213693967:58;2305843009213693973:3,Symbolica_default,cached_powers_Q,9,5,0.219,BalancedZippelSeparated
fire7_nb0_rank2649,Automatic,1,ok,258.521,46,2,1,0,0,2305843009213693967:43;2305843009213693973:3,Symbolica_default,cached_powers_Q,9,6,0.238,BalancedZippelSeparated
fire7_nb0_rank2650,Automatic,1,ok,273.841,46,2,1,0,0,2305843009213693967:43;2305843009213693973:3,Symbolica_default,cached_powers_Q,9,6,0.208,BalancedZippelSeparated
fire7_nb0_rank2651,Automatic,1,ok,203.341,49,2,1,0,0,2305843009213693967:46;2305843009213693973:3,Symbolica_default,cached_powers_Q,9,3,0.194,BalancedZippelSeparated
fire7_nb0_rank2652,Automatic,1,ok,273.941,46,2,1,0,0,2305843009213693967:43;2305843009213693973:3,Symbolica_default,cached_powers_Q,9,6,0.200,BalancedZippelSeparated
fire7_nb0_rank2653,Automatic,1,ok,579.962,46,2,1,0,0,2305843009213693967:43;2305843009213693973:3,Symbolica_default,cached_powers_Q,9,6,0.297,BalancedZippelSeparated
fire7_nb0_rank2654,Automatic,1,ok,289.241,49,2,1,0,0,2305843009213693967:46;2305843009213693973:3,Symbolica_default,cached_powers_Q,9,3,0.320,BalancedZippelSeparated
fire7_nb0_rank2655,Automatic,1,ok,286.561,46,2,1,0,0,2305843009213693967:43;2305843009213693973:3,Symbolica_default,cached_powers_Q,9,6,0.223,BalancedZippelSeparated
fire7_nb0_rank2656,Automatic,1,ok,413.521,45,2,1,0,0,2305843009213693967:42;2305843009213693973:3,Symbolica_default,cached_powers_Q,6,6,0.207,BalancedZippelSeparated
fire7_nb0_rank2657,Automatic,1,ok,226.671,52,2,1,0,0,2305843009213693967:49;2305843009213693973:3,Symbolica_default,cached_powers_Q,12,4,0.213,BalancedZippelSeparated
fire7_nb0_rank2658,Automatic,1,ok,223.021,52,2,1,0,0,2305843009213693967:49;2305843009213693973:3,Symbolica_default,cached_powers_Q,12,4,0.352,BalancedZippelSeparated
fire7_nb0_rank2659,Automatic,1,ok,330.691,51,2,1,0,0,2305843009213693967:48;2305843009213693973:3,Symbolica_default,cached_powers_Q,4,10,0.475,BalancedZippelSeparated
fire7_nb0_rank2660,Automatic,1,ok,595.613,58,2,1,0,0,2305843009213693967:55;2305843009213693973:3,Symbolica_default,cached_powers_Q,10,5,0.320,BalancedZippelSeparated
fire7_nb0_rank2661,Automatic,1,ok,366.721,51,2,1,0,0,2305843009213693967:48;2305843009213693973:3,Symbolica_default,cached_powers_Q,6,10,0.236,BalancedZippelSeparated
fire7_nb0_rank2662,Automatic,1,ok,200.830,42,2,1,0,0,2305843009213693967:39;2305843009213693973:3,Symbolica_default,cached_powers_Q,9,2,0.356,BalancedZippelSeparated
fire7_nb0_rank2663,Automatic,1,ok,246.621,46,2,1,0,0,2305843009213693967:43;2305843009213693973:3,Symbolica_default,cached_powers_Q,9,2,0.205,BalancedZippelSeparated
fire7_nb0_rank2664,Automatic,1,ok,352.331,45,2,1,0,0,2305843009213693967:42;2305843009213693973:3,Symbolica_default,cached_powers_Q,5,8,0.202,BalancedZippelSeparated
fire7_nb0_rank2665,Automatic,1,ok,300.871,50,2,1,0,0,2305843009213693967:47;2305843009213693973:3,Symbolica_default,cached_powers_Q,9,3,0.293,BalancedZippelSeparated
fire7_nb0_rank2666,Automatic,1,ok,523.912,45,2,1,0,0,2305843009213693967:42;2305843009213693973:3,Symbolica_default,cached_powers_Q,5,8,0.309,BalancedZippelSeparated
fire7_nb0_rank2667,Automatic,1,ok,407.612,60,2,1,0,0,2305843009213693967:57;2305843009213693973:3,Symbolica_default,cached_powers_Q,10,5,0.326,BalancedZippelSeparated
fire7_nb0_rank2668,Automatic,1,ok,420.761,50,2,1,0,0,2305843009213693967:47;2305843009213693973:3,Symbolica_default,cached_powers_Q,9,3,0.217,BalancedZippelSeparated
fire7_nb0_rank2669,Automatic,1,ok,299.121,60,2,1,0,0,2305843009213693967:57;2305843009213693973:3,Symbolica_default,cached_powers_Q,10,5,0.350,BalancedZippelSeparated
fire7_nb0_rank2670,Automatic,1,ok,278.551,56,2,1,0,0,2305843009213693967:53;2305843009213693973:3,Symbolica_default,cached_powers_Q,10,5,0.363,BalancedZippelSeparated
fire7_nb0_rank2671,Automatic,1,ok,211.281,45,2,1,0,0,2305843009213693967:42;2305843009213693973:3,Symbolica_default,cached_powers_Q,10,4,0.329,BalancedZippelSeparated
fire7_nb0_rank2672,Automatic,1,ok,560.192,63,2,1,0,0,2305843009213693967:60;2305843009213693973:3,Symbolica_default,cached_powers_Q,9,6,0.328,BalancedZippelSeparated
fire7_nb0_rank2673,Automatic,1,ok,353.171,45,2,1,0,0,2305843009213693967:42;2305843009213693973:3,Symbolica_default,cached_powers_Q,9,6,0.310,BalancedZippelSeparated
fire7_nb0_rank2674,Automatic,1,ok,211.611,46,2,1,0,0,2305843009213693967:43;2305843009213693973:3,Symbolica_default,cached_powers_Q,8,2,0.378,BalancedZippelSeparated
fire7_nb0_rank2675,Automatic,1,ok,288.031,46,2,1,0,0,2305843009213693967:43;2305843009213693973:3,Symbolica_default,cached_powers_Q,9,6,0.230,BalancedZippelSeparated
fire7_nb0_rank2676,Automatic,1,ok,301.021,56,2,1,0,0,2305843009213693967:53;2305843009213693973:3,Symbolica_default,cached_powers_Q,10,5,0.229,BalancedZippelSeparated
fire7_nb0_rank2677,Automatic,1,ok,196.741,51,2,1,0,0,2305843009213693967:48;2305843009213693973:3,Symbolica_default,cached_powers_Q,6,3,0.216,BalancedZippelSeparated
fire7_nb0_rank2678,Automatic,1,ok,285.131,52,2,1,0,0,2305843009213693967:49;2305843009213693973:3,Symbolica_default,cached_powers_Q,3,10,0.432,BalancedZippelSeparated
fire7_nb0_rank2679,Automatic,1,ok,493.792,47,2,1,0,0,2305843009213693967:44;2305843009213693973:3,Symbolica_default,cached_powers_Q,6,6,0.315,BalancedZippelSeparated
fire7_nb0_rank2680,Automatic,1,ok,512.931,51,2,1,0,0,2305843009213693967:48;2305843009213693973:3,Symbolica_default,cached_powers_Q,10,3,0.336,BalancedZippelSeparated
fire7_nb0_rank2681,Automatic,1,ok,301.841,63,2,1,0,0,2305843009213693967:60;2305843009213693973:3,Symbolica_default,cached_powers_Q,10,5,0.225,BalancedZippelSeparated
fire7_nb0_rank2682,Automatic,1,ok,423.651,68,2,1,0,0,2305843009213693967:65;2305843009213693973:3,Symbolica_default,cached_powers_Q,9,4,0.222,BalancedZippelSeparated
fire7_nb0_rank2683,Automatic,1,ok,206.871,52,2,1,0,0,2305843009213693967:49;2305843009213693973:3,Symbolica_default,cached_powers_Q,3,10,0.342,BalancedZippelSeparated
fire7_nb0_rank2684,Automatic,1,ok,268.852,46,2,1,0,0,2305843009213693967:43;2305843009213693973:3,Symbolica_default,cached_powers_Q,9,6,0.357,BalancedZippelSeparated
fire7_nb0_rank2685,Automatic,1,ok,320.571,44,2,1,0,0,2305843009213693967:41;2305843009213693973:3,Symbolica_default,cached_powers_Q,9,6,0.314,BalancedZippelSeparated
fire7_nb0_rank2686,Automatic,1,ok,224.001,52,2,1,0,0,2305843009213693967:49;2305843009213693973:3,Symbolica_default,cached_powers_Q,12,2,0.220,BalancedZippelSeparated
fire7_nb0_rank2687,Automatic,1,ok,215.751,45,2,1,0,0,2305843009213693967:42;2305843009213693973:3,Symbolica_default,cached_powers_Q,4,9,0.222,BalancedZippelSeparated
fire7_nb0_rank2688,Automatic,1,ok,475.622,50,2,1,0,0,2305843009213693967:47;2305843009213693973:3,Symbolica_default,cached_powers_Q,10,4,0.231,BalancedZippelSeparated
fire7_nb0_rank2689,Automatic,1,ok,247.001,49,2,1,0,0,2305843009213693967:46;2305843009213693973:3,Symbolica_default,cached_powers_Q,8,6,0.353,BalancedZippelSeparated
fire7_nb0_rank2690,Automatic,1,ok,389.912,44,2,1,0,0,2305843009213693967:41;2305843009213693973:3,Symbolica_default,cached_powers_Q,9,6,0.228,BalancedZippelSeparated
fire7_nb0_rank2691,Automatic,1,ok,266.451,45,2,1,0,0,2305843009213693967:42;2305843009213693973:3,Symbolica_default,cached_powers_Q,4,9,0.280,BalancedZippelSeparated
fire7_nb0_rank2692,Automatic,1,ok,336.951,44,2,1,0,0,2305843009213693967:41;2305843009213693973:3,Symbolica_default,cached_powers_Q,9,6,0.309,BalancedZippelSeparated
fire7_nb0_rank2693,Automatic,1,ok,569.262,44,2,1,0,0,2305843009213693967:41;2305843009213693973:3,Symbolica_default,cached_powers_Q,9,6,0.315,BalancedZippelSeparated
fire7_nb0_rank2694,Automatic,1,ok,276.921,44,2,1,0,0,2305843009213693967:41;2305843009213693973:3,Symbolica_default,cached_powers_Q,6,6,0.334,BalancedZippelSeparated
fire7_nb0_rank2695,Automatic,1,ok,252.071,58,2,1,0,0,2305843009213693967:55;2305843009213693973:3,Symbolica_default,cached_powers_Q,12,3,0.378,BalancedZippelSeparated
fire7_nb0_rank2696,Automatic,1,ok,249.731,59,2,1,0,0,2305843009213693967:56;2305843009213693973:3,Symbolica_default,cached_powers_Q,9,5,0.232,BalancedZippelSeparated
fire7_nb0_rank2697,Automatic,1,ok,293.991,50,2,1,0,0,2305843009213693967:47;2305843009213693973:3,Symbolica_default,cached_powers_Q,10,4,0.373,BalancedZippelSeparated
fire7_nb0_rank2698,Automatic,1,ok,296.631,45,2,1,0,0,2305843009213693967:42;2305843009213693973:3,Symbolica_default,cached_powers_Q,4,9,0.501,BalancedZippelSeparated
fire7_nb0_rank2699,Automatic,1,ok,341.262,47,2,1,0,0,2305843009213693967:44;2305843009213693973:3,Symbolica_default,cached_powers_Q,6,6,0.484,BalancedZippelSeparated
fire7_nb0_rank2700,Automatic,1,ok,262.110,59,2,1,0,0,2305843009213693967:56;2305843009213693973:3,Symbolica_default,cached_powers_Q,9,5,0.214,BalancedZippelSeparated
fire7_nb0_rank2701,Automatic,1,ok,370.341,46,2,1,0,0,2305843009213693967:43;2305843009213693973:3,Symbolica_default,cached_powers_Q,9,2,0.197,BalancedZippelSeparated
fire7_nb0_rank2702,Automatic,1,ok,340.991,50,2,1,0,0,2305843009213693967:47;2305843009213693973:3,Symbolica_default,cached_powers_Q,6,4,0.219,BalancedZippelSeparated
fire7_nb0_rank2703,Automatic,1,ok,352.002,47,2,1,0,0,2305843009213693967:44;2305843009213693973:3,Symbolica_default,cached_powers_Q,6,6,0.226,BalancedZippelSeparated
fire7_nb0_rank2704,Automatic,1,ok,477.542,62,2,1,0,0,2305843009213693967:59;2305843009213693973:3,Symbolica_default,cached_powers_Q,10,5,0.247,BalancedZippelSeparated
fire7_nb0_rank2705,Automatic,1,ok,309.971,53,2,1,0,0,2305843009213693967:50;2305843009213693973:3,Symbolica_default,cached_powers_Q,9,3,0.309,BalancedZippelSeparated
fire7_nb0_rank2706,Automatic,1,ok,267.891,42,2,1,0,0,2305843009213693967:39;2305843009213693973:3,Symbolica_default,cached_powers_Q,8,3,0.295,BalancedZippelSeparated
fire7_nb0_rank2707,Automatic,1,ok,212.921,42,2,1,0,0,2305843009213693967:39;2305843009213693973:3,Symbolica_default,cached_powers_Q,8,3,0.224,BalancedZippelSeparated
fire7_nb0_rank2708,Automatic,1,ok,258.051,42,2,1,0,0,2305843009213693967:39;2305843009213693973:3,Symbolica_default,cached_powers_Q,9,4,0.246,BalancedZippelSeparated
fire7_nb0_rank2709,Automatic,1,ok,216.351,42,2,1,0,0,2305843009213693967:39;2305843009213693973:3,Symbolica_default,cached_powers_Q,9,4,0.228,BalancedZippelSeparated
fire7_nb0_rank2710,Automatic,1,ok,235.351,44,2,1,0,0,2305843009213693967:41;2305843009213693973:3,Symbolica_default,cached_powers_Q,9,3,0.242,BalancedZippelSeparated
fire7_nb0_rank2711,Automatic,1,ok,337.411,44,2,1,0,0,2305843009213693967:41;2305843009213693973:3,Symbolica_default,cached_powers_Q,6,6,0.430,BalancedZippelSeparated
fire7_nb0_rank2712,Automatic,1,ok,282.631,49,2,1,0,0,2305843009213693967:46;2305843009213693973:3,Symbolica_default,cached_powers_Q,4,6,0.322,BalancedZippelSeparated
fire7_nb0_rank2713,Automatic,1,ok,284.411,42,2,1,0,0,2305843009213693967:39;2305843009213693973:3,Symbolica_default,cached_powers_Q,9,4,0.352,BalancedZippelSeparated
fire7_nb0_rank2714,Automatic,1,ok,394.041,44,2,1,0,0,2305843009213693967:41;2305843009213693973:3,Symbolica_default,cached_powers_Q,9,6,0.227,BalancedZippelSeparated
fire7_nb0_rank2715,Automatic,1,ok,391.002,47,2,1,0,0,2305843009213693967:44;2305843009213693973:3,Symbolica_default,cached_powers_Q,6,6,0.216,BalancedZippelSeparated
fire7_nb0_rank2716,Automatic,1,ok,303.141,58,2,1,0,0,2305843009213693967:55;2305843009213693973:3,Symbolica_default,cached_powers_Q,8,5,0.217,BalancedZippelSeparated
fire7_nb0_rank2717,Automatic,1,ok,280.421,58,2,1,0,0,2305843009213693967:55;2305843009213693973:3,Symbolica_default,cached_powers_Q,8,5,0.221,BalancedZippelSeparated
fire7_nb0_rank2718,Automatic,1,ok,415.521,44,2,1,0,0,2305843009213693967:41;2305843009213693973:3,Symbolica_default,cached_powers_Q,9,6,0.231,BalancedZippelSeparated
fire7_nb0_rank2719,Automatic,1,ok,369.632,49,2,1,0,0,2305843009213693967:46;2305843009213693973:3,Symbolica_default,cached_powers_Q,4,6,0.238,BalancedZippelSeparated
fire7_nb0_rank2720,Automatic,1,ok,215.931,49,2,1,0,0,2305843009213693967:46;2305843009213693973:3,Symbolica_default,cached_powers_Q,4,6,0.232,BalancedZippelSeparated
fire7_nb0_rank2721,Automatic,1,ok,188.371,42,2,1,0,0,2305843009213693967:39;2305843009213693973:3,Symbolica_default,cached_powers_Q,9,2,0.216,BalancedZippelSeparated
fire7_nb0_rank2722,Automatic,1,ok,184.850,42,2,1,0,0,2305843009213693967:39;2305843009213693973:3,Symbolica_default,cached_powers_Q,9,2,0.213,BalancedZippelSeparated
fire7_nb0_rank2723,Automatic,1,ok,207.031,49,2,1,0,0,2305843009213693967:46;2305843009213693973:3,Symbolica_default,cached_powers_Q,4,6,0.204,BalancedZippelSeparated
fire7_nb0_rank2724,Automatic,1,ok,251.700,50,2,1,0,0,2305843009213693967:47;2305843009213693973:3,Symbolica_default,cached_powers_Q,8,3,0.234,BalancedZippelSeparated
fire7_nb0_rank2725,Automatic,1,ok,410.331,40,2,1,0,0,2305843009213693967:37;2305843009213693973:3,Symbolica_default,cached_powers_Q,9,4,0.238,BalancedZippelSeparated
fire7_nb0_rank2726,Automatic,1,ok,224.371,49,2,1,0,0,2305843009213693967:46;2305843009213693973:3,Symbolica_default,cached_powers_Q,4,6,0.220,BalancedZippelSeparated
fire7_nb0_rank2727,Automatic,1,ok,280.931,44,2,1,0,0,2305843009213693967:41;2305843009213693973:3,Symbolica_default,cached_powers_Q,9,6,0.225,BalancedZippelSeparated
fire7_nb0_rank2728,Automatic,1,ok,368.282,40,2,1,0,0,2305843009213693967:37;2305843009213693973:3,Symbolica_default,cached_powers_Q,9,4,0.203,BalancedZippelSeparated
fire7_nb0_rank2729,Automatic,1,ok,252.931,47,2,1,0,0,2305843009213693967:44;2305843009213693973:3,Symbolica_default,cached_powers_Q,6,6,0.222,BalancedZippelSeparated
fire7_nb0_rank2730,Automatic,1,ok,247.051,47,2,1,0,0,2305843009213693967:44;2305843009213693973:3,Symbolica_default,cached_powers_Q,6,6,0.252,BalancedZippelSeparated
fire7_nb0_rank2731,Automatic,1,ok,270.141,50,2,1,0,0,2305843009213693967:47;2305843009213693973:3,Symbolica_default,cached_powers_Q,10,4,0.225,BalancedZippelSeparated
fire7_nb0_rank2732,Automatic,1,ok,272.741,47,2,1,0,0,2305843009213693967:44;2305843009213693973:3,Symbolica_default,cached_powers_Q,6,6,0.252,BalancedZippelSeparated
fire7_nb0_rank2733,Automatic,1,ok,238.581,42,2,1,0,0,2305843009213693967:39;2305843009213693973:3,Symbolica_default,cached_powers_Q,8,2,0.215,BalancedZippelSeparated
fire7_nb0_rank2734,Automatic,1,ok,220.440,50,2,1,0,0,2305843009213693967:47;2305843009213693973:3,Symbolica_default,cached_powers_Q,3,10,0.381,BalancedZippelSeparated
fire7_nb0_rank2735,Automatic,1,ok,348.951,50,2,1,0,0,2305843009213693967:47;2305843009213693973:3,Symbolica_default,cached_powers_Q,3,10,0.209,BalancedZippelSeparated
fire7_nb0_rank2736,Automatic,1,ok,240.231,58,2,1,0,0,2305843009213693967:55;2305843009213693973:3,Symbolica_default,cached_powers_Q,11,3,0.372,BalancedZippelSeparated
fire7_nb0_rank2737,Automatic,1,ok,195.191,44,2,1,0,0,2305843009213693967:41;2305843009213693973:3,Symbolica_default,cached_powers_Q,3,9,0.214,BalancedZippelSeparated
fire7_nb0_rank2738,Automatic,1,ok,200.931,43,2,1,0,0,2305843009213693967:40;2305843009213693973:3,Symbolica_default,cached_powers_Q,8,2,0.380,BalancedZippelSeparated
fire7_nb0_rank2739,Automatic,1,ok,224.521,44,2,1,0,0,2305843009213693967:41;2305843009213693973:3,Symbolica_default,cached_powers_Q,3,9,0.242,BalancedZippelSeparated
fire7_nb0_rank2740,Automatic,1,ok,224.491,44,2,1,0,0,2305843009213693967:41;2305843009213693973:3,Symbolica_default,cached_powers_Q,3,9,0.241,BalancedZippelSeparated
fire7_nb0_rank2741,Automatic,1,ok,257.391,71,2,1,0,0,2305843009213693967:68;2305843009213693973:3,Symbolica_default,cached_powers_Q,8,4,0.235,BalancedZippelSeparated
fire7_nb0_rank2742,Automatic,1,ok,364.111,50,2,1,0,0,2305843009213693967:47;2305843009213693973:3,Symbolica_default,cached_powers_Q,10,2,0.187,BalancedZippelSeparated
fire7_nb0_rank2743,Automatic,1,ok,371.482,42,2,1,0,0,2305843009213693967:39;2305843009213693973:3,Symbolica_default,cached_powers_Q,8,2,0.332,BalancedZippelSeparated
fire7_nb0_rank2744,Automatic,1,ok,190.420,43,2,1,0,0,2305843009213693967:40;2305843009213693973:3,Symbolica_default,cached_powers_Q,8,2,0.215,BalancedZippelSeparated
fire7_nb0_rank2745,Automatic,1,ok,218.631,50,2,1,0,0,2305843009213693967:47;2305843009213693973:3,Symbolica_default,cached_powers_Q,3,10,0.235,BalancedZippelSeparated
fire7_nb0_rank2746,Automatic,1,ok,202.901,43,2,1,0,0,2305843009213693967:40;2305843009213693973:3,Symbolica_default,cached_powers_Q,4,6,0.219,BalancedZippelSeparated
fire7_nb0_rank2747,Automatic,1,ok,202.081,43,2,1,0,0,2305843009213693967:40;2305843009213693973:3,Symbolica_default,cached_powers_Q,4,6,0.236,BalancedZippelSeparated
fire7_nb0_rank2748,Automatic,1,ok,209.840,43,2,1,0,0,2305843009213693967:40;2305843009213693973:3,Symbolica_default,cached_powers_Q,4,6,0.240,BalancedZippelSeparated
fire7_nb0_rank2749,Automatic,1,ok,195.310,43,2,1,0,0,2305843009213693967:40;2305843009213693973:3,Symbolica_default,cached_powers_Q,4,6,0.197,BalancedZippelSeparated
fire7_nb0_rank2750,Automatic,1,ok,188.181,43,2,1,0,0,2305843009213693967:40;2305843009213693973:3,Symbolica_default,cached_powers_Q,4,6,0.224,BalancedZippelSeparated
fire7_nb0_rank2751,Automatic,1,ok,217.241,42,2,1,0,0,2305843009213693967:39;2305843009213693973:3,Symbolica_default,cached_powers_Q,8,2,0.211,BalancedZippelSeparated
fire7_nb0_rank2752,Automatic,1,ok,157.501,41,2,1,0,0,2305843009213693967:38;2305843009213693973:3,Symbolica_default,cached_powers_Q,9,1,0.271,BalancedZippelSeparated
fire7_nb0_rank2753,Automatic,1,ok,165.731,41,2,1,0,0,2305843009213693967:38;2305843009213693973:3,Symbolica_default,cached_powers_Q,9,1,0.228,BalancedZippelSeparated
fire7_nb0_rank2754,Automatic,1,ok,234.680,41,2,1,0,0,2305843009213693967:38;2305843009213693973:3,Symbolica_default,cached_powers_Q,8,4,0.233,BalancedZippelSeparated
fire7_nb0_rank2755,Automatic,1,ok,257.811,43,2,1,0,0,2305843009213693967:40;2305843009213693973:3,Symbolica_default,cached_powers_Q,9,4,0.205,BalancedZippelSeparated
fire7_nb0_rank2756,Automatic,1,ok,179.280,47,2,1,0,0,2305843009213693967:44;2305843009213693973:3,Symbolica_default,cached_powers_Q,5,3,0.212,BalancedZippelSeparated
fire7_nb0_rank2757,Automatic,1,ok,342.091,50,2,1,0,0,2305843009213693967:47;2305843009213693973:3,Symbolica_default,cached_powers_Q,3,10,0.199,BalancedZippelSeparated
fire7_nb0_rank2758,Automatic,1,ok,207.281,48,2,1,0,0,2305843009213693967:45;2305843009213693973:3,Symbolica_default,cached_powers_Q,3,10,0.209,BalancedZippelSeparated
fire7_nb0_rank2759,Automatic,1,ok,240.231,42,2,1,0,0,2305843009213693967:39;2305843009213693973:3,Symbolica_default,cached_powers_Q,8,2,0.390,BalancedZippelSeparated
fire7_nb0_rank2760,Automatic,1,ok,379.241,50,2,1,0,0,2305843009213693967:47;2305843009213693973:3,Symbolica_default,cached_powers_Q,3,10,0.230,BalancedZippelSeparated
fire7_nb0_rank2761,Automatic,1,ok,420.862,44,2,1,0,0,2305843009213693967:41;2305843009213693973:3,Symbolica_default,cached_powers_Q,6,6,0.238,BalancedZippelSeparated
fire7_nb0_rank2762,Automatic,1,ok,243.621,53,2,1,0,0,2305843009213693967:50;2305843009213693973:3,Symbolica_default,cached_powers_Q,10,3,0.220,BalancedZippelSeparated
fire7_nb0_rank2763,Automatic,1,ok,263.171,44,2,1,0,0,2305843009213693967:41;2305843009213693973:3,Symbolica_default,cached_powers_Q,6,6,0.205,BalancedZippelSeparated
fire7_nb0_rank2764,Automatic,1,ok,230.601,44,2,1,0,0,2305843009213693967:41;2305843009213693973:3,Symbolica_default,cached_powers_Q,6,6,0.192,BalancedZippelSeparated
fire7_nb0_rank2765,Automatic,1,ok,294.781,52,2,1,0,0,2305843009213693967:49;2305843009213693973:3,Symbolica_default,cached_powers_Q,8,5,0.341,BalancedZippelSeparated
fire7_nb0_rank2766,Automatic,1,ok,444.162,44,2,1,0,0,2305843009213693967:41;2305843009213693973:3,Symbolica_default,cached_powers_Q,6,6,0.225,BalancedZippelSeparated
fire7_nb0_rank2767,Automatic,1,ok,439.901,44,2,1,0,0,2305843009213693967:41;2305843009213693973:3,Symbolica_default,cached_powers_Q,6,6,0.225,BalancedZippelSeparated
fire7_nb0_rank2768,Automatic,1,ok,402.522,41,2,1,0,0,2305843009213693967:38;2305843009213693973:3,Symbolica_default,cached_powers_Q,8,4,0.229,BalancedZippelSeparated
fire7_nb0_rank2769,Automatic,1,ok,258.881,46,2,1,0,0,2305843009213693967:43;2305843009213693973:3,Symbolica_default,cached_powers_Q,8,6,0.216,BalancedZippelSeparated
fire7_nb0_rank2770,Automatic,1,ok,185.350,48,2,1,0,0,2305843009213693967:45;2305843009213693973:3,Symbolica_default,cached_powers_Q,4,4,0.206,BalancedZippelSeparated
fire7_nb0_rank2771,Automatic,1,ok,321.051,48,2,1,0,0,2305843009213693967:45;2305843009213693973:3,Symbolica_default,cached_powers_Q,4,4,0.200,BalancedZippelSeparated
fire7_nb0_rank2772,Automatic,1,ok,231.931,42,2,1,0,0,2305843009213693967:39;2305843009213693973:3,Symbolica_default,cached_powers_Q,8,2,0.209,BalancedZippelSeparated
fire7_nb0_rank2773,Automatic,1,ok,421.061,54,2,1,0,0,2305843009213693967:51;2305843009213693973:3,Symbolica_default,cached_powers_Q,8,5,0.236,BalancedZippelSeparated
fire7_nb0_rank2774,Automatic,1,ok,265.421,46,2,1,0,0,2305843009213693967:43;2305843009213693973:3,Symbolica_default,cached_powers_Q,9,6,0.226,BalancedZippelSeparated
fire7_nb0_rank2775,Automatic,1,ok,265.371,41,2,1,0,0,2305843009213693967:38;2305843009213693973:3,Symbolica_default,cached_powers_Q,9,4,0.246,BalancedZippelSeparated
fire7_nb0_rank2776,Automatic,1,ok,215.780,43,2,1,0,0,2305843009213693967:40;2305843009213693973:3,Symbolica_default,cached_powers_Q,6,6,0.196,BalancedZippelSeparated
fire7_nb0_rank2777,Automatic,1,ok,214.191,42,2,1,0,0,2305843009213693967:39;2305843009213693973:3,Symbolica_default,cached_powers_Q,8,2,0.204,BalancedZippelSeparated
fire7_nb0_rank2778,Automatic,1,ok,355.251,42,2,1,0,0,2305843009213693967:39;2305843009213693973:3,Symbolica_default,cached_powers_Q,6,6,0.363,BalancedZippelSeparated
fire7_nb0_rank2779,Automatic,1,ok,200.251,42,2,1,0,0,2305843009213693967:39;2305843009213693973:3,Symbolica_default,cached_powers_Q,6,6,0.222,BalancedZippelSeparated
fire7_nb0_rank2780,Automatic,1,ok,192.611,46,2,1,0,0,2305843009213693967:43;2305843009213693973:3,Symbolica_default,cached_powers_Q,5,4,0.233,BalancedZippelSeparated
fire7_nb0_rank2781,Automatic,1,ok,199.241,46,2,1,0,0,2305843009213693967:43;2305843009213693973:3,Symbolica_default,cached_powers_Q,5,4,0.230,BalancedZippelSeparated
fire7_nb0_rank2782,Automatic,1,ok,193.261,51,2,1,0,0,2305843009213693967:48;2305843009213693973:3,Symbolica_default,cached_powers_Q,5,2,0.220,BalancedZippelSeparated
fire7_nb0_rank2783,Automatic,1,ok,361.441,43,2,1,0,0,2305843009213693967:40;2305843009213693973:3,Symbolica_default,cached_powers_Q,4,6,0.225,BalancedZippelSeparated
fire7_nb0_rank2784,Automatic,1,ok,243.301,41,2,1,0,0,2305843009213693967:38;2305843009213693973:3,Symbolica_default,cached_powers_Q,9,4,0.343,BalancedZippelSeparated
fire7_nb0_rank2785,Automatic,1,ok,242.081,41,2,1,0,0,2305843009213693967:38;2305843009213693973:3,Symbolica_default,cached_powers_Q,9,4,0.212,BalancedZippelSeparated
fire7_nb0_rank2786,Automatic,1,ok,301.231,42,2,1,0,0,2305843009213693967:39;2305843009213693973:3,Symbolica_default,cached_powers_Q,8,2,0.214,BalancedZippelSeparated
fire7_nb0_rank2787,Automatic,1,ok,169.040,43,2,1,0,0,2305843009213693967:40;2305843009213693973:3,Symbolica_default,cached_powers_Q,10,1,0.219,BalancedZippelSeparated
fire7_nb0_rank2788,Automatic,1,ok,203.031,47,2,1,0,0,2305843009213693967:44;2305843009213693973:3,Symbolica_default,cached_powers_Q,4,3,0.393,BalancedZippelSeparated
fire7_nb0_rank2789,Automatic,1,ok,410.262,43,2,1,0,0,2305843009213693967:40;2305843009213693973:3,Symbolica_default,cached_powers_Q,9,3,0.373,BalancedZippelSeparated
fire7_nb0_rank2790,Automatic,1,ok,272.730,46,2,1,0,0,2305843009213693967:43;2305843009213693973:3,Symbolica_default,cached_powers_Q,8,6,0.236,BalancedZippelSeparated
fire7_nb0_rank2791,Automatic,1,ok,178.201,42,2,1,0,0,2305843009213693967:39;2305843009213693973:3,Symbolica_default,cached_powers_Q,8,2,0.348,BalancedZippelSeparated
fire7_nb0_rank2792,Automatic,1,ok,228.421,43,2,1,0,0,2305843009213693967:40;2305843009213693973:3,Symbolica_default,cached_powers_Q,8,2,0.197,BalancedZippelSeparated
fire7_nb0_rank2793,Automatic,1,ok,213.091,43,2,1,0,0,2305843009213693967:40;2305843009213693973:3,Symbolica_default,cached_powers_Q,8,2,0.215,BalancedZippelSeparated
fire7_nb0_rank2794,Automatic,1,ok,190.571,38,2,1,0,0,2305843009213693967:35;2305843009213693973:3,Symbolica_default,cached_powers_Q,9,2,0.214,BalancedZippelSeparated
fire7_nb0_rank2795,Automatic,1,ok,239.541,40,2,1,0,0,2305843009213693967:37;2305843009213693973:3,Symbolica_default,cached_powers_Q,8,2,0.211,BalancedZippelSeparated
fire7_nb0_rank2796,Automatic,1,ok,348.891,42,2,1,0,0,2305843009213693967:39;2305843009213693973:3,Symbolica_default,cached_powers_Q,4,6,0.237,BalancedZippelSeparated
fire7_nb0_rank2797,Automatic,1,ok,180.520,51,2,1,0,0,2305843009213693967:48;2305843009213693973:3,Symbolica_default,cached_powers_Q,5,2,0.231,BalancedZippelSeparated
fire7_nb0_rank2798,Automatic,1,ok,185.580,51,2,1,0,0,2305843009213693967:48;2305843009213693973:3,Symbolica_default,cached_powers_Q,5,2,0.343,BalancedZippelSeparated
fire7_nb0_rank2799,Automatic,1,ok,368.031,44,2,1,0,0,2305843009213693967:41;2305843009213693973:3,Symbolica_default,cached_powers_Q,6,6,0.211,BalancedZippelSeparated
fire7_nb0_rank2800,Automatic,1,ok,260.931,43,2,1,0,0,2305843009213693967:40;2305843009213693973:3,Symbolica_default,cached_powers_Q,8,2,0.320,BalancedZippelSeparated
fire7_nb0_rank2801,Automatic,1,ok,220.141,43,2,1,0,0,2305843009213693967:40;2305843009213693973:3,Symbolica_default,cached_powers_Q,6,6,0.356,BalancedZippelSeparated
fire7_nb0_rank2802,Automatic,1,ok,368.491,43,2,1,0,0,2305843009213693967:40;2305843009213693973:3,Symbolica_default,cached_powers_Q,8,2,0.225,BalancedZippelSeparated
fire7_nb0_rank2803,Automatic,1,ok,194.950,42,2,1,0,0,2305843009213693967:39;2305843009213693973:3,Symbolica_default,cached_powers_Q,8,2,0.232,BalancedZippelSeparated
fire7_nb0_rank2804,Automatic,1,ok,205.341,53,2,1,0,0,2305843009213693967:50;2305843009213693973:3,Symbolica_default,cached_powers_Q,5,2,0.372,BalancedZippelSeparated
fire7_nb0_rank2805,Automatic,1,ok,206.571,50,2,1,0,0,2305843009213693967:47;2305843009213693973:3,Symbolica_default,cached_powers_Q,3,10,0.209,BalancedZippelSeparated
fire7_nb0_rank2806,Automatic,1,ok,426.501,42,2,1,0,0,2305843009213693967:39;2305843009213693973:3,Symbolica_default,cached_powers_Q,9,4,0.200,BalancedZippelSeparated
fire7_nb0_rank2807,Automatic,1,ok,196.401,41,2,1,0,0,2305843009213693967:38;2305843009213693973:3,Symbolica_default,cached_powers_Q,8,2,0.345,BalancedZippelSeparated
fire7_nb0_rank2808,Automatic,1,ok,338.731,42,2,1,0,0,2305843009213693967:39;2305843009213693973:3,Symbolica_default,cached_powers_Q,8,2,0.198,BalancedZippelSeparated
fire7_nb0_rank2809,Automatic,1,ok,343.291,41,2,1,0,0,2305843009213693967:38;2305843009213693973:3,Symbolica_default,cached_powers_Q,8,2,0.200,BalancedZippelSeparated
fire7_nb0_rank2810,Automatic,1,ok,212.571,41,2,1,0,0,2305843009213693967:38;2305843009213693973:3,Symbolica_default,cached_powers_Q,9,2,0.224,BalancedZippelSeparated
fire7_nb0_rank2811,Automatic,1,ok,389.551,44,2,1,0,0,2305843009213693967:41;2305843009213693973:3,Symbolica_default,cached_powers_Q,9,2,0.225,BalancedZippelSeparated
fire7_nb0_rank2812,Automatic,1,ok,195.181,45,2,1,0,0,2305843009213693967:42;2305843009213693973:3,Symbolica_default,cached_powers_Q,3,6,0.220,BalancedZippelSeparated
fire7_nb0_rank2813,Automatic,1,ok,254.561,41,2,1,0,0,2305843009213693967:38;2305843009213693973:3,Symbolica_default,cached_powers_Q,9,4,0.213,BalancedZippelSeparated
fire7_nb0_rank2814,Automatic,1,ok,211.081,42,2,1,0,0,2305843009213693967:39;2305843009213693973:3,Symbolica_default,cached_powers_Q,6,2,0.208,BalancedZippelSeparated
fire7_nb0_rank2815,Automatic,1,ok,177.600,42,2,1,0,0,2305843009213693967:39;2305843009213693973:3,Symbolica_default,cached_powers_Q,6,2,0.362,BalancedZippelSeparated
fire7_nb0_rank2816,Automatic,1,ok,196.451,50,2,1,0,0,2305843009213693967:47;2305843009213693973:3,Symbolica_default,cached_powers_Q,3,10,0.221,BalancedZippelSeparated
fire7_nb0_rank2817,Automatic,1,ok,215.180,66,2,1,0,0,2305843009213693967:63;2305843009213693973:3,Symbolica_default,cached_powers_Q,9,2,0.344,BalancedZippelSeparated
fire7_nb0_rank2818,Automatic,1,ok,289.341,41,2,1,0,0,2305843009213693967:38;2305843009213693973:3,Symbolica_default,cached_powers_Q,9,4,0.329,BalancedZippelSeparated
fire7_nb0_rank2819,Automatic,1,ok,225.161,39,2,1,0,0,2305843009213693967:36;2305843009213693973:3,Symbolica_default,cached_powers_Q,9,4,0.219,BalancedZippelSeparated
fire7_nb0_rank2820,Automatic,1,ok,219.371,39,2,1,0,0,2305843009213693967:36;2305843009213693973:3,Symbolica_default,cached_powers_Q,9,4,0.235,BalancedZippelSeparated
fire7_nb0_rank2821,Automatic,1,ok,354.162,38,2,1,0,0,2305843009213693967:35;2305843009213693973:3,Symbolica_default,cached_powers_Q,9,2,0.211,BalancedZippelSeparated
fire7_nb0_rank2822,Automatic,1,ok,198.540,41,2,1,0,0,2305843009213693967:38;2305843009213693973:3,Symbolica_default,cached_powers_Q,4,6,0.219,BalancedZippelSeparated
fire7_nb0_rank2823,Automatic,1,ok,203.671,49,2,1,0,0,2305843009213693967:46;2305843009213693973:3,Symbolica_default,cached_powers_Q,4,6,0.207,BalancedZippelSeparated
fire7_nb0_rank2824,Automatic,1,ok,189.271,49,2,1,0,0,2305843009213693967:46;2305843009213693973:3,Symbolica_default,cached_powers_Q,4,6,0.193,BalancedZippelSeparated
fire7_nb0_rank2825,Automatic,1,ok,204.490,43,2,1,0,0,2305843009213693967:40;2305843009213693973:3,Symbolica_default,cached_powers_Q,4,6,0.207,BalancedZippelSeparated
fire7_nb0_rank2826,Automatic,1,ok,193.731,49,2,1,0,0,2305843009213693967:46;2305843009213693973:3,Symbolica_default,cached_powers_Q,4,6,0.214,BalancedZippelSeparated
fire7_nb0_rank2827,Automatic,1,ok,191.061,41,2,1,0,0,2305843009213693967:38;2305843009213693973:3,Symbolica_default,cached_powers_Q,4,6,0.223,BalancedZippelSeparated
fire7_nb0_rank2828,Automatic,1,ok,216.861,41,2,1,0,0,2305843009213693967:38;2305843009213693973:3,Symbolica_default,cached_powers_Q,4,6,0.376,BalancedZippelSeparated
fire7_nb0_rank2829,Automatic,1,ok,199.980,41,2,1,0,0,2305843009213693967:38;2305843009213693973:3,Symbolica_default,cached_powers_Q,4,6,0.220,BalancedZippelSeparated
fire7_nb0_rank2830,Automatic,1,ok,212.791,49,2,1,0,0,2305843009213693967:46;2305843009213693973:3,Symbolica_default,cached_powers_Q,4,6,0.225,BalancedZippelSeparated
fire7_nb0_rank2831,Automatic,1,ok,186.580,54,2,1,0,0,2305843009213693967:51;2305843009213693973:3,Symbolica_default,cached_powers_Q,3,5,0.216,BalancedZippelSeparated
fire7_nb0_rank2832,Automatic,1,ok,175.470,54,2,1,0,0,2305843009213693967:51;2305843009213693973:3,Symbolica_default,cached_powers_Q,3,5,0.182,BalancedZippelSeparated
fire7_nb0_rank2833,Automatic,1,ok,233.181,41,2,1,0,0,2305843009213693967:38;2305843009213693973:3,Symbolica_default,cached_powers_Q,4,6,0.314,BalancedZippelSeparated
fire7_nb0_rank2834,Automatic,1,ok,193.201,49,2,1,0,0,2305843009213693967:46;2305843009213693973:3,Symbolica_default,cached_powers_Q,4,6,0.219,BalancedZippelSeparated
fire7_nb0_rank2835,Automatic,1,ok,200.151,41,2,1,0,0,2305843009213693967:38;2305843009213693973:3,Symbolica_default,cached_powers_Q,4,6,0.207,BalancedZippelSeparated
fire7_nb0_rank2836,Automatic,1,ok,204.911,41,2,1,0,0,2305843009213693967:38;2305843009213693973:3,Symbolica_default,cached_powers_Q,4,6,0.222,BalancedZippelSeparated
fire7_nb0_rank2837,Automatic,1,ok,223.571,40,2,1,0,0,2305843009213693967:37;2305843009213693973:3,Symbolica_default,cached_powers_Q,9,2,0.222,BalancedZippelSeparated
fire7_nb0_rank2838,Automatic,1,ok,219.391,41,2,1,0,0,2305843009213693967:38;2305843009213693973:3,Symbolica_default,cached_powers_Q,9,2,0.358,BalancedZippelSeparated
fire7_nb0_rank2839,Automatic,1,ok,226.651,43,2,1,0,0,2305843009213693967:40;2305843009213693973:3,Symbolica_default,cached_powers_Q,4,6,0.382,BalancedZippelSeparated
fire7_nb0_rank2840,Automatic,1,ok,241.651,40,2,1,0,0,2305843009213693967:37;2305843009213693973:3,Symbolica_default,cached_powers_Q,9,2,0.213,BalancedZippelSeparated
fire7_nb0_rank2841,Automatic,1,ok,371.431,40,2,1,0,0,2305843009213693967:37;2305843009213693973:3,Symbolica_default,cached_powers_Q,9,2,0.209,BalancedZippelSeparated
fire7_nb0_rank2842,Automatic,1,ok,255.651,40,2,1,0,0,2305843009213693967:37;2305843009213693973:3,Symbolica_default,cached_powers_Q,9,2,0.313,BalancedZippelSeparated
fire7_nb0_rank2843,Automatic,1,ok,184.171,58,2,1,0,0,2305843009213693967:55;2305843009213693973:3,Symbolica_default,cached_powers_Q,4,5,0.319,BalancedZippelSeparated
fire7_nb0_rank2844,Automatic,1,ok,221.121,43,2,1,0,0,2305843009213693967:40;2305843009213693973:3,Symbolica_default,cached_powers_Q,4,6,0.203,BalancedZippelSeparated
fire7_nb0_rank2845,Automatic,1,ok,331.461,38,2,1,0,0,2305843009213693967:35;2305843009213693973:3,Symbolica_default,cached_powers_Q,9,2,0.229,BalancedZippelSeparated
fire7_nb0_rank2846,Automatic,1,ok,220.241,38,2,1,0,0,2305843009213693967:35;2305843009213693973:3,Symbolica_default,cached_powers_Q,6,4,0.328,BalancedZippelSeparated
fire7_nb0_rank2847,Automatic,1,ok,201.510,38,2,1,0,0,2305843009213693967:35;2305843009213693973:3,Symbolica_default,cached_powers_Q,6,4,0.244,BalancedZippelSeparated
fire7_nb0_rank2848,Automatic,1,ok,306.321,53,2,1,0,0,2305843009213693967:50;2305843009213693973:3,Symbolica_default,cached_powers_Q,8,3,0.377,BalancedZippelSeparated
fire7_nb0_rank2849,Automatic,1,ok,232.151,40,2,1,0,0,2305843009213693967:37;2305843009213693973:3,Symbolica_default,cached_powers_Q,9,2,0.205,BalancedZippelSeparated
fire7_nb0_rank2850,Automatic,1,ok,175.261,38,2,1,0,0,2305843009213693967:35;2305843009213693973:3,Symbolica_default,cached_powers_Q,9,2,0.193,BalancedZippelSeparated
fire7_nb0_rank2851,Automatic,1,ok,236.971,47,2,1,0,0,2305843009213693967:44;2305843009213693973:3,Symbolica_default,cached_powers_Q,8,4,0.207,BalancedZippelSeparated
fire7_nb0_rank2852,Automatic,1,ok,170.030,44,2,1,0,0,2305843009213693967:41;2305843009213693973:3,Symbolica_default,cached_powers_Q,5,3,0.209,BalancedZippelSeparated
fire7_nb0_rank2853,Automatic,1,ok,195.411,41,2,1,0,0,2305843009213693967:38;2305843009213693973:3,Symbolica_default,cached_powers_Q,4,6,0.210,BalancedZippelSeparated
fire7_nb0_rank2854,Automatic,1,ok,199.831,41,2,1,0,0,2305843009213693967:38;2305843009213693973:3,Symbolica_default,cached_powers_Q,4,6,0.232,BalancedZippelSeparated
fire7_nb0_rank2855,Automatic,1,ok,194.081,44,2,1,0,0,2305843009213693967:41;2305843009213693973:3,Symbolica_default,cached_powers_Q,5,3,0.218,BalancedZippelSeparated
fire7_nb0_rank2856,Automatic,1,ok,411.502,39,2,1,0,0,2305843009213693967:36;2305843009213693973:3,Symbolica_default,cached_powers_Q,9,2,0.220,BalancedZippelSeparated
fire7_nb0_rank2857,Automatic,1,ok,186.231,38,2,1,0,0,2305843009213693967:35;2305843009213693973:3,Symbolica_default,cached_powers_Q,9,2,0.191,BalancedZippelSeparated
fire7_nb0_rank2858,Automatic,1,ok,244.001,53,2,1,0,0,2305843009213693967:50;2305843009213693973:3,Symbolica_default,cached_powers_Q,8,3,0.211,BalancedZippelSeparated
fire7_nb0_rank2859,Automatic,1,ok,291.570,53,2,1,0,0,2305843009213693967:50;2305843009213693973:3,Symbolica_default,cached_powers_Q,8,3,0.201,BalancedZippelSeparated
fire7_nb0_rank2860,Automatic,1,ok,241.311,51,2,1,0,0,2305843009213693967:48;2305843009213693973:3,Symbolica_default,cached_powers_Q,8,3,0.199,BalancedZippelSeparated
fire7_nb0_rank2861,Automatic,1,ok,282.481,51,2,1,0,0,2305843009213693967:48;2305843009213693973:3,Symbolica_default,cached_powers_Q,8,3,0.213,BalancedZippelSeparated
fire7_nb0_rank2862,Automatic,1,ok,281.312,44,2,1,0,0,2305843009213693967:41;2305843009213693973:3,Symbolica_default,cached_powers_Q,9,6,0.383,BalancedZippelSeparated
fire7_nb0_rank2863,Automatic,1,ok,203.530,43,2,1,0,0,2305843009213693967:40;2305843009213693973:3,Symbolica_default,cached_powers_Q,3,6,0.226,BalancedZippelSeparated
fire7_nb0_rank2864,Automatic,1,ok,235.061,48,2,1,0,0,2305843009213693967:45;2305843009213693973:3,Symbolica_default,cached_powers_Q,5,6,0.391,BalancedZippelSeparated
fire7_nb0_rank2865,Automatic,1,ok,239.381,43,2,1,0,0,2305843009213693967:40;2305843009213693973:3,Symbolica_default,cached_powers_Q,4,4,0.348,BalancedZippelSeparated
fire7_nb0_rank2866,Automatic,1,ok,209.301,38,2,1,0,0,2305843009213693967:35;2305843009213693973:3,Symbolica_default,cached_powers_Q,6,4,0.204,BalancedZippelSeparated
fire7_nb0_rank2867,Automatic,1,ok,222.201,40,2,1,0,0,2305843009213693967:37;2305843009213693973:3,Symbolica_default,cached_powers_Q,9,2,0.215,BalancedZippelSeparated
fire7_nb0_rank2868,Automatic,1,ok,185.911,41,2,1,0,0,2305843009213693967:38;2305843009213693973:3,Symbolica_default,cached_powers_Q,4,6,0.204,BalancedZippelSeparated
fire7_nb0_rank2869,Automatic,1,ok,347.361,41,2,1,0,0,2305843009213693967:38;2305843009213693973:3,Symbolica_default,cached_powers_Q,4,6,0.195,BalancedZippelSeparated
fire7_nb0_rank2870,Automatic,1,ok,192.661,38,2,1,0,0,2305843009213693967:35;2305843009213693973:3,Symbolica_default,cached_powers_Q,6,4,0.201,BalancedZippelSeparated
fire7_nb0_rank2871,Automatic,1,ok,230.131,40,2,1,0,0,2305843009213693967:37;2305843009213693973:3,Symbolica_default,cached_powers_Q,9,2,0.239,BalancedZippelSeparated
fire7_nb0_rank2872,Automatic,1,ok,407.952,39,2,1,0,0,2305843009213693967:36;2305843009213693973:3,Symbolica_default,cached_powers_Q,9,2,0.232,BalancedZippelSeparated
fire7_nb0_rank2873,Automatic,1,ok,192.960,42,2,1,0,0,2305843009213693967:39;2305843009213693973:3,Symbolica_default,cached_powers_Q,4,6,0.246,BalancedZippelSeparated
fire7_nb0_rank2874,Automatic,1,ok,327.252,41,2,1,0,0,2305843009213693967:38;2305843009213693973:3,Symbolica_default,cached_powers_Q,4,6,0.237,BalancedZippelSeparated
fire7_nb0_rank2875,Automatic,1,ok,188.601,41,2,1,0,0,2305843009213693967:38;2305843009213693973:3,Symbolica_default,cached_powers_Q,4,6,0.295,BalancedZippelSeparated
fire7_nb0_rank2876,Automatic,1,ok,322.141,41,2,1,0,0,2305843009213693967:38;2305843009213693973:3,Symbolica_default,cached_powers_Q,4,6,0.205,BalancedZippelSeparated
fire7_nb0_rank2877,Automatic,1,ok,212.550,39,2,1,0,0,2305843009213693967:36;2305843009213693973:3,Symbolica_default,cached_powers_Q,9,2,0.193,BalancedZippelSeparated
fire7_nb0_rank2878,Automatic,1,ok,207.551,38,2,1,0,0,2305843009213693967:35;2305843009213693973:3,Symbolica_default,cached_powers_Q,6,3,0.206,BalancedZippelSeparated
fire7_nb0_rank2879,Automatic,1,ok,191.430,46,2,1,0,0,2305843009213693967:43;2305843009213693973:3,Symbolica_default,cached_powers_Q,5,3,0.225,BalancedZippelSeparated
fire7_nb0_rank2880,Automatic,1,ok,194.181,46,2,1,0,0,2305843009213693967:43;2305843009213693973:3,Symbolica_default,cached_powers_Q,5,3,0.236,BalancedZippelSeparated
fire7_nb0_rank2881,Automatic,1,ok,272.341,39,2,1,0,0,2305843009213693967:36;2305843009213693973:3,Symbolica_default,cached_powers_Q,9,2,0.362,BalancedZippelSeparated
fire7_nb0_rank2882,Automatic,1,ok,199.031,46,2,1,0,0,2305843009213693967:43;2305843009213693973:3,Symbolica_default,cached_powers_Q,6,3,0.238,BalancedZippelSeparated
fire7_nb0_rank2883,Automatic,1,ok,329.401,46,2,1,0,0,2305843009213693967:43;2305843009213693973:3,Symbolica_default,cached_powers_Q,4,6,0.202,BalancedZippelSeparated
fire7_nb0_rank2884,Automatic,1,ok,340.711,46,2,1,0,0,2305843009213693967:43;2305843009213693973:3,Symbolica_default,cached_powers_Q,4,6,0.218,BalancedZippelSeparated
fire7_nb0_rank2885,Automatic,1,ok,301.731,46,2,1,0,0,2305843009213693967:43;2305843009213693973:3,Symbolica_default,cached_powers_Q,4,6,0.194,BalancedZippelSeparated
fire7_nb0_rank2886,Automatic,1,ok,198.480,46,2,1,0,0,2305843009213693967:43;2305843009213693973:3,Symbolica_default,cached_powers_Q,4,6,0.332,BalancedZippelSeparated
fire7_nb0_rank2887,Automatic,1,ok,186.961,47,2,1,0,0,2305843009213693967:44;2305843009213693973:3,Symbolica_default,cached_powers_Q,4,6,0.221,BalancedZippelSeparated
fire7_nb0_rank2888,Automatic,1,ok,212.961,46,2,1,0,0,2305843009213693967:43;2305843009213693973:3,Symbolica_default,cached_powers_Q,6,3,0.249,BalancedZippelSeparated
fire7_nb0_rank2889,Automatic,1,ok,258.190,48,2,1,0,0,2305843009213693967:45;2305843009213693973:3,Symbolica_default,cached_powers_Q,8,3,0.397,BalancedZippelSeparated
fire7_nb0_rank2890,Automatic,1,ok,228.451,47,2,1,0,0,2305843009213693967:44;2305843009213693973:3,Symbolica_default,cached_powers_Q,6,3,0.387,BalancedZippelSeparated
fire7_nb0_rank2891,Automatic,1,ok,247.141,41,2,1,0,0,2305843009213693967:38;2305843009213693973:3,Symbolica_default,cached_powers_Q,8,4,0.335,BalancedZippelSeparated
fire7_nb0_rank2892,Automatic,1,ok,182.780,46,2,1,0,0,2305843009213693967:43;2305843009213693973:3,Symbolica_default,cached_powers_Q,5,3,0.213,BalancedZippelSeparated
fire7_nb0_rank2893,Automatic,1,ok,290.111,46,2,1,0,0,2305843009213693967:43;2305843009213693973:3,Symbolica_default,cached_powers_Q,5,3,0.201,BalancedZippelSeparated
fire7_nb0_rank2894,Automatic,1,ok,190.391,46,2,1,0,0,2305843009213693967:43;2305843009213693973:3,Symbolica_default,cached_powers_Q,5,3,0.362,BalancedZippelSeparated
fire7_nb0_rank2895,Automatic,1,ok,183.710,47,2,1,0,0,2305843009213693967:44;2305843009213693973:3,Symbolica_default,cached_powers_Q,5,2,0.233,BalancedZippelSeparated
fire7_nb0_rank2896,Automatic,1,ok,191.571,42,2,1,0,0,2305843009213693967:39;2305843009213693973:3,Symbolica_default,cached_powers_Q,5,4,0.230,BalancedZippelSeparated
fire7_nb0_rank2897,Automatic,1,ok,222.530,42,2,1,0,0,2305843009213693967:39;2305843009213693973:3,Symbolica_default,cached_powers_Q,5,4,0.342,BalancedZippelSeparated
fire7_nb0_rank2898,Automatic,1,ok,208.700,42,2,1,0,0,2305843009213693967:39;2305843009213693973:3,Symbolica_default,cached_powers_Q,5,4,0.310,BalancedZippelSeparated
fire7_nb0_rank2899,Automatic,1,ok,309.311,46,2,1,0,0,2305843009213693967:43;2305843009213693973:3,Symbolica_default,cached_powers_Q,5,3,0.196,BalancedZippelSeparated
fire7_nb0_rank2900,Automatic,1,ok,171.010,46,2,1,0,0,2305843009213693967:43;2305843009213693973:3,Symbolica_default,cached_powers_Q,5,3,0.190,BalancedZippelSeparated
fire7_nb0_rank2901,Automatic,1,ok,179.841,46,2,1,0,0,2305843009213693967:43;2305843009213693973:3,Symbolica_default,cached_powers_Q,5,3,0.317,BalancedZippelSeparated
fire7_nb0_rank2902,Automatic,1,ok,186.881,43,2,1,0,0,2305843009213693967:40;2305843009213693973:3,Symbolica_default,cached_powers_Q,3,6,0.195,BalancedZippelSeparated
fire7_nb0_rank2903,Automatic,1,ok,193.971,58,2,1,0,0,2305843009213693967:55;2305843009213693973:3,Symbolica_default,cached_powers_Q,7,2,0.383,BalancedZippelSeparated
fire7_nb0_rank2904,Automatic,1,ok,363.771,43,2,1,0,0,2305843009213693967:40;2305843009213693973:3,Symbolica_default,cached_powers_Q,4,4,0.220,BalancedZippelSeparated
fire7_nb0_rank2905,Automatic,1,ok,290.050,46,2,1,0,0,2305843009213693967:43;2305843009213693973:3,Symbolica_default,cached_powers_Q,8,3,0.332,BalancedZippelSeparated
fire7_nb0_rank2906,Automatic,1,ok,212.981,41,2,1,0,0,2305843009213693967:38;2305843009213693973:3,Symbolica_default,cached_powers_Q,6,4,0.190,BalancedZippelSeparated
fire7_nb0_rank2907,Automatic,1,ok,192.711,39,2,1,0,0,2305843009213693967:36;2305843009213693973:3,Symbolica_default,cached_powers_Q,6,4,0.346,BalancedZippelSeparated
fire7_nb0_rank2908,Automatic,1,ok,216.071,42,2,1,0,0,2305843009213693967:39;2305843009213693973:3,Symbolica_default,cached_powers_Q,5,4,0.197,BalancedZippelSeparated
fire7_nb0_rank2909,Automatic,1,ok,166.621,42,2,1,0,0,2305843009213693967:39;2305843009213693973:3,Symbolica_default,cached_powers_Q,5,4,0.199,BalancedZippelSeparated
fire7_nb0_rank2910,Automatic,1,ok,210.921,43,2,1,0,0,2305843009213693967:40;2305843009213693973:3,Symbolica_default,cached_powers_Q,6,3,0.203,BalancedZippelSeparated
fire7_nb0_rank2911,Automatic,1,ok,191.200,44,2,1,0,0,2305843009213693967:41;2305843009213693973:3,Symbolica_default,cached_powers_Q,5,3,0.221,BalancedZippelSeparated
fire7_nb0_rank2912,Automatic,1,ok,231.081,39,2,1,0,0,2305843009213693967:36;2305843009213693973:3,Symbolica_default,cached_powers_Q,9,2,0.386,BalancedZippelSeparated
fire7_nb0_rank2913,Automatic,1,ok,222.501,39,2,1,0,0,2305843009213693967:36;2305843009213693973:3,Symbolica_default,cached_powers_Q,9,2,0.320,BalancedZippelSeparated
fire7_nb0_rank2914,Automatic,1,ok,215.441,39,2,1,0,0,2305843009213693967:36;2305843009213693973:3,Symbolica_default,cached_powers_Q,9,2,0.193,BalancedZippelSeparated
fire7_nb0_rank2915,Automatic,1,ok,253.191,39,2,1,0,0,2305843009213693967:36;2305843009213693973:3,Symbolica_default,cached_powers_Q,9,2,0.309,BalancedZippelSeparated
fire7_nb0_rank2916,Automatic,1,ok,169.101,41,2,1,0,0,2305843009213693967:38;2305843009213693973:3,Symbolica_default,cached_powers_Q,3,4,0.201,BalancedZippelSeparated
fire7_nb0_rank2917,Automatic,1,ok,171.420,41,2,1,0,0,2305843009213693967:38;2305843009213693973:3,Symbolica_default,cached_powers_Q,3,4,0.187,BalancedZippelSeparated
fire7_nb0_rank2918,Automatic,1,ok,368.442,39,2,1,0,0,2305843009213693967:36;2305843009213693973:3,Symbolica_default,cached_powers_Q,9,2,0.197,BalancedZippelSeparated
fire7_nb0_rank2919,Automatic,1,ok,216.600,43,2,1,0,0,2305843009213693967:40;2305843009213693973:3,Symbolica_default,cached_powers_Q,6,3,0.319,BalancedZippelSeparated
fire7_nb0_rank2920,Automatic,1,ok,228.890,49,2,1,0,0,2305843009213693967:46;2305843009213693973:3,Symbolica_default,cached_powers_Q,6,5,0.241,BalancedZippelSeparated
fire7_nb0_rank2921,Automatic,1,ok,195.650,39,2,1,0,0,2305843009213693967:36;2305843009213693973:3,Symbolica_default,cached_powers_Q,4,6,0.376,BalancedZippelSeparated
fire7_nb0_rank2922,Automatic,1,ok,193.770,39,2,1,0,0,2305843009213693967:36;2305843009213693973:3,Symbolica_default,cached_powers_Q,4,6,0.190,BalancedZippelSeparated
fire7_nb0_rank2923,Automatic,1,ok,236.341,49,2,1,0,0,2305843009213693967:46;2305843009213693973:3,Symbolica_default,cached_powers_Q,6,5,0.212,BalancedZippelSeparated
fire7_nb0_rank2924,Automatic,1,ok,207.741,39,2,1,0,0,2305843009213693967:36;2305843009213693973:3,Symbolica_default,cached_powers_Q,4,4,0.317,BalancedZippelSeparated
fire7_nb0_rank2925,Automatic,1,ok,337.521,39,2,1,0,0,2305843009213693967:36;2305843009213693973:3,Symbolica_default,cached_powers_Q,4,4,0.190,BalancedZippelSeparated
fire7_nb0_rank2926,Automatic,1,ok,348.271,44,2,1,0,0,2305843009213693967:41;2305843009213693973:3,Symbolica_default,cached_powers_Q,8,3,0.195,BalancedZippelSeparated
fire7_nb0_rank2927,Automatic,1,ok,320.261,47,2,1,0,0,2305843009213693967:44;2305843009213693973:3,Symbolica_default,cached_powers_Q,4,2,0.178,BalancedZippelSeparated
fire7_nb0_rank2928,Automatic,1,ok,300.090,39,2,1,0,0,2305843009213693967:36;2305843009213693973:3,Symbolica_default,cached_powers_Q,6,2,0.189,BalancedZippelSeparated
fire7_nb0_rank2929,Automatic,1,ok,173.771,44,2,1,0,0,2305843009213693967:41;2305843009213693973:3,Symbolica_default,cached_powers_Q,5,3,0.207,BalancedZippelSeparated
fire7_nb0_rank2930,Automatic,1,ok,183.751,41,2,1,0,0,2305843009213693967:38;2305843009213693973:3,Symbolica_default,cached_powers_Q,8,1,0.202,BalancedZippelSeparated
fire7_nb0_rank2931,Automatic,1,ok,348.771,39,2,1,0,0,2305843009213693967:36;2305843009213693973:3,Symbolica_default,cached_powers_Q,9,2,0.201,BalancedZippelSeparated
fire7_nb0_rank2932,Automatic,1,ok,274.011,46,2,1,0,0,2305843009213693967:43;2305843009213693973:3,Symbolica_default,cached_powers_Q,8,3,0.318,BalancedZippelSeparated
fire7_nb0_rank2933,Automatic,1,ok,211.070,44,2,1,0,0,2305843009213693967:41;2305843009213693973:3,Symbolica_default,cached_powers_Q,5,3,0.289,BalancedZippelSeparated
fire7_nb0_rank2934,Automatic,1,ok,201.241,41,2,1,0,0,2305843009213693967:38;2305843009213693973:3,Symbolica_default,cached_powers_Q,9,2,0.190,BalancedZippelSeparated
fire7_nb0_rank2935,Automatic,1,ok,211.020,39,2,1,0,0,2305843009213693967:36;2305843009213693973:3,Symbolica_default,cached_powers_Q,9,2,0.298,BalancedZippelSeparated
fire7_nb0_rank2936,Automatic,1,ok,186.041,41,2,1,0,0,2305843009213693967:38;2305843009213693973:3,Symbolica_default,cached_powers_Q,3,6,0.189,BalancedZippelSeparated
fire7_nb0_rank2937,Automatic,1,ok,311.051,50,2,1,0,0,2305843009213693967:47;2305843009213693973:3,Symbolica_default,cached_powers_Q,3,5,0.169,BalancedZippelSeparated
fire7_nb0_rank2938,Automatic,1,ok,263.971,53,2,1,0,0,2305843009213693967:50;2305843009213693973:3,Symbolica_default,cached_powers_Q,8,3,0.231,BalancedZippelSeparated
fire7_nb0_rank2939,Automatic,1,ok,227.080,37,2,1,0,0,2305843009213693967:34;2305843009213693973:3,Symbolica_default,cached_powers_Q,6,2,0.342,BalancedZippelSeparated
fire7_nb0_rank2940,Automatic,1,ok,179.191,38,2,1,0,0,2305843009213693967:35;2305843009213693973:3,Symbolica_default,cached_powers_Q,6,2,0.211,BalancedZippelSeparated
fire7_nb0_rank2941,Automatic,1,ok,170.200,38,2,1,0,0,2305843009213693967:35;2305843009213693973:3,Symbolica_default,cached_powers_Q,6,2,0.205,BalancedZippelSeparated
fire7_nb0_rank2942,Automatic,1,ok,210.461,44,2,1,0,0,2305843009213693967:41;2305843009213693973:3,Symbolica_default,cached_powers_Q,5,3,0.298,BalancedZippelSeparated
fire7_nb0_rank2943,Automatic,1,ok,173.821,44,2,1,0,0,2305843009213693967:41;2305843009213693973:3,Symbolica_default,cached_powers_Q,5,3,0.331,BalancedZippelSeparated
fire7_nb0_rank2944,Automatic,1,ok,174.451,44,2,1,0,0,2305843009213693967:41;2305843009213693973:3,Symbolica_default,cached_powers_Q,5,3,0.203,BalancedZippelSeparated
fire7_nb0_rank2945,Automatic,1,ok,209.911,39,2,1,0,0,2305843009213693967:36;2305843009213693973:3,Symbolica_default,cached_powers_Q,9,2,0.198,BalancedZippelSeparated
fire7_nb0_rank2946,Automatic,1,ok,220.520,43,2,1,0,0,2305843009213693967:40;2305843009213693973:3,Symbolica_default,cached_powers_Q,8,4,0.219,BalancedZippelSeparated
fire7_nb0_rank2947,Automatic,1,ok,197.701,39,2,1,0,0,2305843009213693967:36;2305843009213693973:3,Symbolica_default,cached_powers_Q,3,4,0.230,BalancedZippelSeparated
fire7_nb0_rank2948,Automatic,1,ok,260.411,43,2,1,0,0,2305843009213693967:40;2305843009213693973:3,Symbolica_default,cached_powers_Q,6,3,0.332,BalancedZippelSeparated
fire7_nb0_rank2949,Automatic,1,ok,177.850,41,2,1,0,0,2305843009213693967:38;2305843009213693973:3,Symbolica_default,cached_powers_Q,3,6,0.212,BalancedZippelSeparated
fire7_nb0_rank2950,Automatic,1,ok,189.821,40,2,1,0,0,2305843009213693967:37;2305843009213693973:3,Symbolica_default,cached_powers_Q,6,3,0.203,BalancedZippelSeparated
fire7_nb0_rank2951,Automatic,1,ok,175.100,39,2,1,0,0,2305843009213693967:36;2305843009213693973:3,Symbolica_default,cached_powers_Q,3,4,0.415,BalancedZippelSeparated
fire7_nb0_rank2952,Automatic,1,ok,179.610,39,2,1,0,0,2305843009213693967:36;2305843009213693973:3,Symbolica_default,cached_powers_Q,3,4,0.185,BalancedZippelSeparated
fire7_nb0_rank2953,Automatic,1,ok,179.081,42,2,1,0,0,2305843009213693967:39;2305843009213693973:3,Symbolica_default,cached_powers_Q,3,6,0.189,BalancedZippelSeparated
fire7_nb0_rank2954,Automatic,1,ok,191.131,41,2,1,0,0,2305843009213693967:38;2305843009213693973:3,Symbolica_default,cached_powers_Q,3,6,0.207,BalancedZippelSeparated
fire7_nb0_rank2955,Automatic,1,ok,208.511,39,2,1,0,0,2305843009213693967:36;2305843009213693973:3,Symbolica_default,cached_powers_Q,6,4,0.392,BalancedZippelSeparated
fire7_nb0_rank2956,Automatic,1,ok,194.500,43,2,1,0,0,2305843009213693967:40;2305843009213693973:3,Symbolica_default,cached_powers_Q,4,4,0.373,BalancedZippelSeparated
fire7_nb0_rank2957,Automatic,1,ok,184.911,43,2,1,0,0,2305843009213693967:40;2305843009213693973:3,Symbolica_default,cached_powers_Q,4,4,0.198,BalancedZippelSeparated
fire7_nb0_rank2958,Automatic,1,ok,165.260,40,2,1,0,0,2305843009213693967:37;2305843009213693973:3,Symbolica_default,cached_powers_Q,4,3,0.202,BalancedZippelSeparated
fire7_nb0_rank2959,Automatic,1,ok,190.421,37,2,1,0,0,2305843009213693967:34;2305843009213693973:3,Symbolica_default,cached_powers_Q,6,4,0.197,BalancedZippelSeparated
fire7_nb0_rank2960,Automatic,1,ok,208.351,39,2,1,0,0,2305843009213693967:36;2305843009213693973:3,Symbolica_default,cached_powers_Q,4,6,0.193,BalancedZippelSeparated
fire7_nb0_rank2961,Automatic,1,ok,194.721,41,2,1,0,0,2305843009213693967:38;2305843009213693973:3,Symbolica_default,cached_powers_Q,3,6,0.210,BalancedZippelSeparated
fire7_nb0_rank2962,Automatic,1,ok,206.371,41,2,1,0,0,2305843009213693967:38;2305843009213693973:3,Symbolica_default,cached_powers_Q,8,2,0.182,BalancedZippelSeparated
fire7_nb0_rank2963,Automatic,1,ok,182.220,41,2,1,0,0,2305843009213693967:38;2305843009213693973:3,Symbolica_default,cached_powers_Q,3,6,0.204,BalancedZippelSeparated
fire7_nb0_rank2964,Automatic,1,ok,366.361,36,2,1,0,0,2305843009213693967:33;2305843009213693973:3,Symbolica_default,cached_powers_Q,6,2,0.201,BalancedZippelSeparated
fire7_nb0_rank2965,Automatic,1,ok,179.620,41,2,1,0,0,2305843009213693967:38;2305843009213693973:3,Symbolica_default,cached_powers_Q,3,6,0.337,BalancedZippelSeparated
fire7_nb0_rank2966,Automatic,1,ok,194.770,41,2,1,0,0,2305843009213693967:38;2305843009213693973:3,Symbolica_default,cached_powers_Q,3,6,0.185,BalancedZippelSeparated
fire7_nb0_rank2967,Automatic,1,ok,165.050,37,2,1,0,0,2305843009213693967:34;2305843009213693973:3,Symbolica_default,cached_powers_Q,6,2,0.178,BalancedZippelSeparated
fire7_nb0_rank2968,Automatic,1,ok,204.890,38,2,1,0,0,2305843009213693967:35;2305843009213693973:3,Symbolica_default,cached_powers_Q,6,2,0.295,BalancedZippelSeparated
fire7_nb0_rank2969,Automatic,1,ok,234.721,47,2,1,0,0,2305843009213693967:44;2305843009213693973:3,Symbolica_default,cached_powers_Q,7,3,0.222,BalancedZippelSeparated
fire7_nb0_rank2970,Automatic,1,ok,166.321,39,2,1,0,0,2305843009213693967:36;2305843009213693973:3,Symbolica_default,cached_powers_Q,3,4,0.217,BalancedZippelSeparated
fire7_nb0_rank2971,Automatic,1,ok,189.840,36,2,1,0,0,2305843009213693967:33;2305843009213693973:3,Symbolica_default,cached_powers_Q,6,2,0.205,BalancedZippelSeparated
fire7_nb0_rank2972,Automatic,1,ok,185.651,41,2,1,0,0,2305843009213693967:38;2305843009213693973:3,Symbolica_default,cached_powers_Q,3,6,0.217,BalancedZippelSeparated
fire7_nb0_rank2973,Automatic,1,ok,202.871,41,2,1,0,0,2305843009213693967:38;2305843009213693973:3,Symbolica_default,cached_powers_Q,8,2,0.361,BalancedZippelSeparated
fire7_nb0_rank2974,Automatic,1,ok,198.121,41,2,1,0,0,2305843009213693967:38;2305843009213693973:3,Symbolica_default,cached_powers_Q,3,6,0.341,BalancedZippelSeparated
fire7_nb0_rank2975,Automatic,1,ok,162.771,35,2,1,0,0,2305843009213693967:32;2305843009213693973:3,Symbolica_default,cached_powers_Q,6,2,0.206,BalancedZippelSeparated
fire7_nb0_rank2976,Automatic,1,ok,255.401,54,2,1,0,0,2305843009213693967:51;2305843009213693973:3,Symbolica_default,cached_powers_Q,4,5,0.201,BalancedZippelSeparated
fire7_nb0_rank2977,Automatic,1,ok,238.691,52,2,1,0,0,2305843009213693967:49;2305843009213693973:3,Symbolica_default,cached_powers_Q,4,5,0.216,BalancedZippelSeparated
fire7_nb0_rank2978,Automatic,1,ok,193.301,37,2,1,0,0,2305843009213693967:34;2305843009213693973:3,Symbolica_default,cached_powers_Q,6,2,0.203,BalancedZippelSeparated
fire7_nb0_rank2979,Automatic,1,ok,173.541,36,2,1,0,0,2305843009213693967:33;2305843009213693973:3,Symbolica_default,cached_powers_Q,6,2,0.190,BalancedZippelSeparated
fire7_nb0_rank2980,Automatic,1,ok,375.192,37,2,1,0,0,2305843009213693967:34;2305843009213693973:3,Symbolica_default,cached_powers_Q,6,2,0.188,BalancedZippelSeparated
fire7_nb0_rank2981,Automatic,1,ok,167.920,40,2,1,0,0,2305843009213693967:37;2305843009213693973:3,Symbolica_default,cached_powers_Q,4,3,0.220,BalancedZippelSeparated
fire7_nb0_rank2982,Automatic,1,ok,169.221,40,2,1,0,0,2305843009213693967:37;2305843009213693973:3,Symbolica_default,cached_powers_Q,4,3,0.219,BalancedZippelSeparated
fire7_nb0_rank2983,Automatic,1,ok,342.711,40,2,1,0,0,2305843009213693967:37;2305843009213693973:3,Symbolica_default,cached_powers_Q,4,3,0.192,BalancedZippelSeparated
fire7_nb0_rank2984,Automatic,1,ok,231.741,40,2,1,0,0,2305843009213693967:37;2305843009213693973:3,Symbolica_default,cached_powers_Q,4,3,0.334,BalancedZippelSeparated
fire7_nb0_rank2985,Automatic,1,ok,168.641,35,2,1,0,0,2305843009213693967:32;2305843009213693973:3,Symbolica_default,cached_powers_Q,6,2,0.198,BalancedZippelSeparated
fire7_nb0_rank2986,Automatic,1,ok,158.521,40,2,1,0,0,2305843009213693967:37;2305843009213693973:3,Symbolica_default,cached_powers_Q,4,3,0.211,BalancedZippelSeparated
fire7_nb0_rank2987,Automatic,1,ok,163.441,40,2,1,0,0,2305843009213693967:37;2305843009213693973:3,Symbolica_default,cached_powers_Q,4,3,0.344,BalancedZippelSeparated
fire7_nb0_rank2988,Automatic,1,ok,214.961,50,2,1,0,0,2305843009213693967:47;2305843009213693973:3,Symbolica_default,cached_powers_Q,3,5,0.333,BalancedZippelSeparated
fire7_nb0_rank2989,Automatic,1,ok,177.461,36,2,1,0,0,2305843009213693967:33;2305843009213693973:3,Symbolica_default,cached_powers_Q,6,2,0.213,BalancedZippelSeparated
fire7_nb0_rank2990,Automatic,1,ok,174.780,35,2,1,0,0,2305843009213693967:32;2305843009213693973:3,Symbolica_default,cached_powers_Q,6,2,0.213,BalancedZippelSeparated
fire7_nb0_rank2991,Automatic,1,ok,224.661,52,2,1,0,0,2305843009213693967:49;2305843009213693973:3,Symbolica_default,cached_powers_Q,6,4,0.373,BalancedZippelSeparated
fire7_nb0_rank2992,Automatic,1,ok,199.700,37,2,1,0,0,2305843009213693967:34;2305843009213693973:3,Symbolica_default,cached_powers_Q,6,4,0.220,BalancedZippelSeparated
fire7_nb0_rank2993,Automatic,1,ok,207.910,52,2,1,0,0,2305843009213693967:49;2305843009213693973:3,Symbolica_default,cached_powers_Q,6,4,0.188,BalancedZippelSeparated
fire7_nb0_rank2994,Automatic,1,ok,164.120,38,2,1,0,0,2305843009213693967:35;2305843009213693973:3,Symbolica_default,cached_powers_Q,4,3,0.206,BalancedZippelSeparated
fire7_nb0_rank2995,Automatic,1,ok,254.431,42,2,1,0,0,2305843009213693967:39;2305843009213693973:3,Symbolica_default,cached_powers_Q,6,3,0.318,BalancedZippelSeparated
fire7_nb0_rank2996,Automatic,1,ok,209.511,42,2,1,0,0,2305843009213693967:39;2305843009213693973:3,Symbolica_default,cached_powers_Q,6,3,0.212,BalancedZippelSeparated
fire7_nb0_rank2997,Automatic,1,ok,175.081,36,2,1,0,0,2305843009213693967:33;2305843009213693973:3,Symbolica_default,cached_powers_Q,6,2,0.196,BalancedZippelSeparated
fire7_nb0_rank2998,Automatic,1,ok,184.801,36,2,1,0,0,2305843009213693967:33;2305843009213693973:3,Symbolica_default,cached_powers_Q,6,2,0.208,BalancedZippelSeparated
fire7_nb0_rank2999,Automatic,1,ok,179.450,36,2,1,0,0,2305843009213693967:33;2305843009213693973:3,Symbolica_default,cached_powers_Q,6,2,0.200,BalancedZippelSeparated
fire7_nb0_rank3000,Automatic,1,ok,306.402,36,2,1,0,0,2305843009213693967:33;2305843009213693973:3,Symbolica_default,cached_powers_Q,6,2,0.197,BalancedZippelSeparated
fire7_nb0_rank3001,Automatic,1,ok,319.881,42,2,1,0,0,2305843009213693967:39;2305843009213693973:3,Symbolica_default,cached_powers_Q,6,3,0.185,BalancedZippelSeparated
fire7_nb0_rank3002,Automatic,1,ok,337.621,42,2,1,0,0,2305843009213693967:39;2305843009213693973:3,Symbolica_default,cached_powers_Q,6,3,0.183,BalancedZippelSeparated
fire7_nb0_rank3003,Automatic,1,ok,351.221,42,2,1,0,0,2305843009213693967:39;2305843009213693973:3,Symbolica_default,cached_powers_Q,6,3,0.201,BalancedZippelSeparated
fire7_nb0_rank3004,Automatic,1,ok,335.901,41,2,1,0,0,2305843009213693967:38;2305843009213693973:3,Symbolica_default,cached_powers_Q,4,4,0.211,BalancedZippelSeparated
fire7_nb0_rank3005,Automatic,1,ok,404.711,41,2,1,0,0,2305843009213693967:38;2305843009213693973:3,Symbolica_default,cached_powers_Q,6,4,0.222,BalancedZippelSeparated
fire7_nb0_rank3006,Automatic,1,ok,219.081,41,2,1,0,0,2305843009213693967:38;2305843009213693973:3,Symbolica_default,cached_powers_Q,6,4,0.229,BalancedZippelSeparated
fire7_nb0_rank3007,Automatic,1,ok,180.141,41,2,1,0,0,2305843009213693967:38;2305843009213693973:3,Symbolica_default,cached_powers_Q,3,6,0.349,BalancedZippelSeparated
fire7_nb0_rank3008,Automatic,1,ok,174.061,58,2,1,0,0,2305843009213693967:55;2305843009213693973:3,Symbolica_default,cached_powers_Q,3,6,0.179,BalancedZippelSeparated
fire7_nb0_rank3009,Automatic,1,ok,206.010,42,2,1,0,0,2305843009213693967:39;2305843009213693973:3,Symbolica_default,cached_powers_Q,6,3,0.202,BalancedZippelSeparated
fire7_nb0_rank3010,Automatic,1,ok,348.191,36,2,1,0,0,2305843009213693967:33;2305843009213693973:3,Symbolica_default,cached_powers_Q,6,2,0.229,BalancedZippelSeparated
fire7_nb0_rank3011,Automatic,1,ok,183.541,41,2,1,0,0,2305843009213693967:38;2305843009213693973:3,Symbolica_default,cached_powers_Q,4,4,0.349,BalancedZippelSeparated
fire7_nb0_rank3012,Automatic,1,ok,202.401,37,2,1,0,0,2305843009213693967:34;2305843009213693973:3,Symbolica_default,cached_powers_Q,6,4,0.397,BalancedZippelSeparated
fire7_nb0_rank3013,Automatic,1,ok,433.562,37,2,1,0,0,2305843009213693967:34;2305843009213693973:3,Symbolica_default,cached_powers_Q,6,4,0.217,BalancedZippelSeparated
fire7_nb0_rank3014,Automatic,1,ok,187.181,41,2,1,0,0,2305843009213693967:38;2305843009213693973:3,Symbolica_default,cached_powers_Q,3,6,0.228,BalancedZippelSeparated
fire7_nb0_rank3015,Automatic,1,ok,160.311,38,2,1,0,0,2305843009213693967:35;2305843009213693973:3,Symbolica_default,cached_powers_Q,4,3,0.201,BalancedZippelSeparated
fire7_nb0_rank3016,Automatic,1,ok,156.310,38,2,1,0,0,2305843009213693967:35;2305843009213693973:3,Symbolica_default,cached_powers_Q,4,3,0.200,BalancedZippelSeparated
fire7_nb0_rank3017,Automatic,1,ok,151.801,38,2,1,0,0,2305843009213693967:35;2305843009213693973:3,Symbolica_default,cached_powers_Q,4,3,0.361,BalancedZippelSeparated
fire7_nb0_rank3018,Automatic,1,ok,162.361,38,2,1,0,0,2305843009213693967:35;2305843009213693973:3,Symbolica_default,cached_powers_Q,4,3,0.189,BalancedZippelSeparated
fire7_nb0_rank3019,Automatic,1,ok,191.030,41,2,1,0,0,2305843009213693967:38;2305843009213693973:3,Symbolica_default,cached_powers_Q,3,6,0.205,BalancedZippelSeparated
fire7_nb0_rank3020,Automatic,1,ok,189.640,41,2,1,0,0,2305843009213693967:38;2305843009213693973:3,Symbolica_default,cached_powers_Q,3,6,0.388,BalancedZippelSeparated
fire7_nb0_rank3021,Automatic,1,ok,184.930,38,2,1,0,0,2305843009213693967:35;2305843009213693973:3,Symbolica_default,cached_powers_Q,4,3,0.357,BalancedZippelSeparated
fire7_nb0_rank3022,Automatic,1,ok,180.801,40,2,1,0,0,2305843009213693967:37;2305843009213693973:3,Symbolica_default,cached_powers_Q,4,3,0.194,BalancedZippelSeparated
fire7_nb0_rank3023,Automatic,1,ok,161.500,40,2,1,0,0,2305843009213693967:37;2305843009213693973:3,Symbolica_default,cached_powers_Q,4,3,0.201,BalancedZippelSeparated
fire7_nb0_rank3024,Automatic,1,ok,158.230,40,2,1,0,0,2305843009213693967:37;2305843009213693973:3,Symbolica_default,cached_powers_Q,4,3,0.201,BalancedZippelSeparated
fire7_nb0_rank3025,Automatic,1,ok,356.591,49,2,1,0,0,2305843009213693967:46;2305843009213693973:3,Symbolica_default,cached_powers_Q,4,4,0.211,BalancedZippelSeparated
fire7_nb0_rank3026,Automatic,1,ok,204.721,39,2,1,0,0,2305843009213693967:36;2305843009213693973:3,Symbolica_default,cached_powers_Q,6,4,0.213,BalancedZippelSeparated
fire7_nb0_rank3027,Automatic,1,ok,166.781,38,2,1,0,0,2305843009213693967:35;2305843009213693973:3,Symbolica_default,cached_powers_Q,4,3,0.231,BalancedZippelSeparated
fire7_nb0_rank3028,Automatic,1,ok,184.391,38,2,1,0,0,2305843009213693967:35;2305843009213693973:3,Symbolica_default,cached_powers_Q,4,3,0.209,BalancedZippelSeparated
fire7_nb0_rank3029,Automatic,1,ok,352.261,38,2,1,0,0,2305843009213693967:35;2305843009213693973:3,Symbolica_default,cached_powers_Q,4,3,0.198,BalancedZippelSeparated
fire7_nb0_rank3030,Automatic,1,ok,156.350,38,2,1,0,0,2305843009213693967:35;2305843009213693973:3,Symbolica_default,cached_powers_Q,4,3,0.203,BalancedZippelSeparated
fire7_nb0_rank3031,Automatic,1,ok,166.541,38,2,1,0,0,2305843009213693967:35;2305843009213693973:3,Symbolica_default,cached_powers_Q,4,3,0.182,BalancedZippelSeparated
fire7_nb0_rank3032,Automatic,1,ok,338.601,38,2,1,0,0,2305843009213693967:35;2305843009213693973:3,Symbolica_default,cached_powers_Q,4,3,0.183,BalancedZippelSeparated
fire7_nb0_rank3033,Automatic,1,ok,214.801,35,2,1,0,0,2305843009213693967:32;2305843009213693973:3,Symbolica_default,cached_powers_Q,6,2,0.193,BalancedZippelSeparated
fire7_nb0_rank3034,Automatic,1,ok,174.421,41,2,1,0,0,2305843009213693967:38;2305843009213693973:3,Symbolica_default,cached_powers_Q,4,2,0.224,BalancedZippelSeparated
fire7_nb0_rank3035,Automatic,1,ok,302.331,38,2,1,0,0,2305843009213693967:35;2305843009213693973:3,Symbolica_default,cached_powers_Q,4,3,0.232,BalancedZippelSeparated
fire7_nb0_rank3036,Automatic,1,ok,150.471,37,2,1,0,0,2305843009213693967:34;2305843009213693973:3,Symbolica_default,cached_powers_Q,6,1,0.211,BalancedZippelSeparated
fire7_nb0_rank3037,Automatic,1,ok,215.920,43,2,1,0,0,2305843009213693967:40;2305843009213693973:3,Symbolica_default,cached_powers_Q,6,3,0.214,BalancedZippelSeparated
fire7_nb0_rank3038,Automatic,1,ok,217.381,37,2,1,0,0,2305843009213693967:34;2305843009213693973:3,Symbolica_default,cached_powers_Q,5,4,0.201,BalancedZippelSeparated
fire7_nb0_rank3039,Automatic,1,ok,157.441,41,2,1,0,0,2305843009213693967:38;2305843009213693973:3,Symbolica_default,cached_powers_Q,3,2,0.198,BalancedZippelSeparated
fire7_nb0_rank3040,Automatic,1,ok,201.031,36,2,1,0,0,2305843009213693967:33;2305843009213693973:3,Symbolica_default,cached_powers_Q,6,2,0.198,BalancedZippelSeparated
fire7_nb0_rank3041,Automatic,1,ok,171.060,38,2,1,0,0,2305843009213693967:35;2305843009213693973:3,Symbolica_default,cached_powers_Q,4,3,0.221,BalancedZippelSeparated
fire7_nb0_rank3042,Automatic,1,ok,219.361,38,2,1,0,0,2305843009213693967:35;2305843009213693973:3,Symbolica_default,cached_powers_Q,4,3,0.350,BalancedZippelSeparated
fire7_nb0_rank3043,Automatic,1,ok,149.211,37,2,1,0,0,2305843009213693967:34;2305843009213693973:3,Symbolica_default,cached_powers_Q,6,1,0.226,BalancedZippelSeparated
fire7_nb0_rank3044,Automatic,1,ok,194.331,37,2,1,0,0,2305843009213693967:34;2305843009213693973:3,Symbolica_default,cached_powers_Q,4,4,0.194,BalancedZippelSeparated
fire7_nb0_rank3045,Automatic,1,ok,233.701,49,2,1,0,0,2305843009213693967:46;2305843009213693973:3,Symbolica_default,cached_powers_Q,6,3,0.181,BalancedZippelSeparated
fire7_nb0_rank3046,Automatic,1,ok,191.040,37,2,1,0,0,2305843009213693967:34;2305843009213693973:3,Symbolica_default,cached_powers_Q,6,4,0.186,BalancedZippelSeparated
fire7_nb0_rank3047,Automatic,1,ok,186.411,37,2,1,0,0,2305843009213693967:34;2305843009213693973:3,Symbolica_default,cached_powers_Q,6,4,0.199,BalancedZippelSeparated
fire7_nb0_rank3048,Automatic,1,ok,387.151,56,2,1,0,0,2305843009213693967:53;2305843009213693973:3,Symbolica_default,cached_powers_Q,3,6,0.212,BalancedZippelSeparated
fire7_nb0_rank3049,Automatic,1,ok,357.991,38,2,1,0,0,2305843009213693967:35;2305843009213693973:3,Symbolica_default,cached_powers_Q,4,3,0.230,BalancedZippelSeparated
fire7_nb0_rank3050,Automatic,1,ok,147.661,39,2,1,0,0,2305843009213693967:36;2305843009213693973:3,Symbolica_default,cached_powers_Q,6,1,0.203,BalancedZippelSeparated
fire7_nb0_rank3051,Automatic,1,ok,352.592,37,2,1,0,0,2305843009213693967:34;2305843009213693973:3,Symbolica_default,cached_powers_Q,2,6,0.234,BalancedZippelSeparated
fire7_nb0_rank3052,Automatic,1,ok,180.220,36,2,1,0,0,2305843009213693967:33;2305843009213693973:3,Symbolica_default,cached_powers_Q,4,4,0.214,BalancedZippelSeparated
fire7_nb0_rank3053,Automatic,1,ok,176.891,37,2,1,0,0,2305843009213693967:34;2305843009213693973:3,Symbolica_default,cached_powers_Q,4,4,0.188,BalancedZippelSeparated
fire7_nb0_rank3054,Automatic,1,ok,192.431,40,2,1,0,0,2305843009213693967:37;2305843009213693973:3,Symbolica_default,cached_powers_Q,4,2,0.303,BalancedZippelSeparated
fire7_nb0_rank3055,Automatic,1,ok,207.381,38,2,1,0,0,2305843009213693967:35;2305843009213693973:3,Symbolica_default,cached_powers_Q,4,3,0.295,BalancedZippelSeparated
fire7_nb0_rank3056,Automatic,1,ok,173.240,38,2,1,0,0,2305843009213693967:35;2305843009213693973:3,Symbolica_default,cached_powers_Q,4,3,0.206,BalancedZippelSeparated
fire7_nb0_rank3057,Automatic,1,ok,171.331,38,2,1,0,0,2305843009213693967:35;2305843009213693973:3,Symbolica_default,cached_powers_Q,4,3,0.212,BalancedZippelSeparated
fire7_nb0_rank3058,Automatic,1,ok,187.161,52,2,1,0,0,2305843009213693967:49;2305843009213693973:3,Symbolica_default,cached_powers_Q,6,2,0.213,BalancedZippelSeparated
fire7_nb0_rank3059,Automatic,1,ok,190.111,36,2,1,0,0,2305843009213693967:33;2305843009213693973:3,Symbolica_default,cached_powers_Q,6,2,0.214,BalancedZippelSeparated
fire7_nb0_rank3060,Automatic,1,ok,196.660,38,2,1,0,0,2305843009213693967:35;2305843009213693973:3,Symbolica_default,cached_powers_Q,6,2,0.205,BalancedZippelSeparated
fire7_nb0_rank3061,Automatic,1,ok,330.491,47,2,1,0,0,2305843009213693967:44;2305843009213693973:3,Symbolica_default,cached_powers_Q,5,4,0.190,BalancedZippelSeparated
fire7_nb0_rank3062,Automatic,1,ok,232.551,42,2,1,0,0,2305843009213693967:39;2305843009213693973:3,Symbolica_default,cached_powers_Q,6,3,0.318,BalancedZippelSeparated
fire7_nb0_rank3063,Automatic,1,ok,162.130,37,2,1,0,0,2305843009213693967:34;2305843009213693973:3,Symbolica_default,cached_powers_Q,4,2,0.213,BalancedZippelSeparated
fire7_nb0_rank3064,Automatic,1,ok,166.731,40,2,1,0,0,2305843009213693967:37;2305843009213693973:3,Symbolica_default,cached_powers_Q,4,2,0.206,BalancedZippelSeparated
fire7_nb0_rank3065,Automatic,1,ok,168.621,40,2,1,0,0,2305843009213693967:37;2305843009213693973:3,Symbolica_default,cached_powers_Q,4,2,0.220,BalancedZippelSeparated
fire7_nb0_rank3066,Automatic,1,ok,191.691,37,2,1,0,0,2305843009213693967:34;2305843009213693973:3,Symbolica_default,cached_powers_Q,3,4,0.215,BalancedZippelSeparated
fire7_nb0_rank3067,Automatic,1,ok,204.251,36,2,1,0,0,2305843009213693967:33;2305843009213693973:3,Symbolica_default,cached_powers_Q,6,2,0.405,BalancedZippelSeparated
fire7_nb0_rank3068,Automatic,1,ok,177.761,50,2,1,0,0,2305843009213693967:47;2305843009213693973:3,Symbolica_default,cached_powers_Q,3,5,0.340,BalancedZippelSeparated
fire7_nb0_rank3069,Automatic,1,ok,164.901,48,2,1,0,0,2305843009213693967:45;2305843009213693973:3,Symbolica_default,cached_powers_Q,3,5,0.195,BalancedZippelSeparated
fire7_nb0_rank3070,Automatic,1,ok,164.540,40,2,1,0,0,2305843009213693967:37;2305843009213693973:3,Symbolica_default,cached_powers_Q,4,2,0.193,BalancedZippelSeparated
fire7_nb0_rank3071,Automatic,1,ok,158.261,40,2,1,0,0,2305843009213693967:37;2305843009213693973:3,Symbolica_default,cached_powers_Q,4,2,0.200,BalancedZippelSeparated
fire7_nb0_rank3072,Automatic,1,ok,171.481,40,2,1,0,0,2305843009213693967:37;2305843009213693973:3,Symbolica_default,cached_powers_Q,4,2,0.211,BalancedZippelSeparated
fire7_nb0_rank3073,Automatic,1,ok,173.471,40,2,1,0,0,2305843009213693967:37;2305843009213693973:3,Symbolica_default,cached_powers_Q,4,2,0.390,BalancedZippelSeparated
fire7_nb0_rank3074,Automatic,1,ok,186.991,36,2,1,0,0,2305843009213693967:33;2305843009213693973:3,Symbolica_default,cached_powers_Q,4,3,0.382,BalancedZippelSeparated
fire7_nb0_rank3075,Automatic,1,ok,366.281,40,2,1,0,0,2305843009213693967:37;2305843009213693973:3,Symbolica_default,cached_powers_Q,6,3,0.217,BalancedZippelSeparated
fire7_nb0_rank3076,Automatic,1,ok,174.301,37,2,1,0,0,2305843009213693967:34;2305843009213693973:3,Symbolica_default,cached_powers_Q,3,4,0.312,BalancedZippelSeparated
fire7_nb0_rank3077,Automatic,1,ok,165.610,37,2,1,0,0,2305843009213693967:34;2305843009213693973:3,Symbolica_default,cached_powers_Q,3,4,0.193,BalancedZippelSeparated
fire7_nb0_rank3078,Automatic,1,ok,167.911,51,2,1,0,0,2305843009213693967:48;2305843009213693973:3,Symbolica_default,cached_powers_Q,6,2,0.188,BalancedZippelSeparated
fire7_nb0_rank3079,Automatic,1,ok,170.201,51,2,1,0,0,2305843009213693967:48;2305843009213693973:3,Symbolica_default,cached_powers_Q,6,2,0.197,BalancedZippelSeparated
fire7_nb0_rank3080,Automatic,1,ok,197.611,35,2,1,0,0,2305843009213693967:32;2305843009213693973:3,Symbolica_default,cached_powers_Q,6,2,0.205,BalancedZippelSeparated
fire7_nb0_rank3081,Automatic,1,ok,181.271,37,2,1,0,0,2305843009213693967:34;2305843009213693973:3,Symbolica_default,cached_powers_Q,3,4,0.219,BalancedZippelSeparated
fire7_nb0_rank3082,Automatic,1,ok,179.611,37,2,1,0,0,2305843009213693967:34;2305843009213693973:3,Symbolica_default,cached_powers_Q,3,4,0.339,BalancedZippelSeparated
fire7_nb0_rank3083,Automatic,1,ok,204.831,42,2,1,0,0,2305843009213693967:39;2305843009213693973:3,Symbolica_default,cached_powers_Q,6,3,0.202,BalancedZippelSeparated
fire7_nb0_rank3084,Automatic,1,ok,192.261,40,2,1,0,0,2305843009213693967:37;2305843009213693973:3,Symbolica_default,cached_powers_Q,6,3,0.199,BalancedZippelSeparated
fire7_nb0_rank3085,Automatic,1,ok,182.881,37,2,1,0,0,2305843009213693967:34;2305843009213693973:3,Symbolica_default,cached_powers_Q,6,2,0.178,BalancedZippelSeparated
fire7_nb0_rank3086,Automatic,1,ok,267.761,35,2,1,0,0,2305843009213693967:32;2305843009213693973:3,Symbolica_default,cached_powers_Q,6,2,0.336,BalancedZippelSeparated
fire7_nb0_rank3087,Automatic,1,ok,157.701,37,2,1,0,0,2305843009213693967:34;2305843009213693973:3,Symbolica_default,cached_powers_Q,3,4,0.177,BalancedZippelSeparated
fire7_nb0_rank3088,Automatic,1,ok,279.691,36,2,1,0,0,2305843009213693967:33;2305843009213693973:3,Symbolica_default,cached_powers_Q,3,3,0.216,BalancedZippelSeparated
fire7_nb0_rank3089,Automatic,1,ok,206.660,37,2,1,0,0,2305843009213693967:34;2305843009213693973:3,Symbolica_default,cached_powers_Q,6,2,0.210,BalancedZippelSeparated
fire7_nb0_rank3090,Automatic,1,ok,168.280,37,2,1,0,0,2305843009213693967:34;2305843009213693973:3,Symbolica_default,cached_powers_Q,3,4,0.326,BalancedZippelSeparated
fire7_nb0_rank3091,Automatic,1,ok,252.050,36,2,1,0,0,2305843009213693967:33;2305843009213693973:3,Symbolica_default,cached_powers_Q,3,3,0.202,BalancedZippelSeparated
fire7_nb0_rank3092,Automatic,1,ok,140.171,36,2,1,0,0,2305843009213693967:33;2305843009213693973:3,Symbolica_default,cached_powers_Q,6,1,0.182,BalancedZippelSeparated
fire7_nb0_rank3093,Automatic,1,ok,162.850,34,2,1,0,0,2305843009213693967:31;2305843009213693973:3,Symbolica_default,cached_powers_Q,6,2,0.183,BalancedZippelSeparated
fire7_nb0_rank3094,Automatic,1,ok,177.351,34,2,1,0,0,2305843009213693967:31;2305843009213693973:3,Symbolica_default,cached_powers_Q,6,2,0.189,BalancedZippelSeparated
fire7_nb0_rank3095,Automatic,1,ok,178.621,34,2,1,0,0,2305843009213693967:31;2305843009213693973:3,Symbolica_default,cached_powers_Q,6,2,0.375,BalancedZippelSeparated
fire7_nb0_rank3096,Automatic,1,ok,184.681,34,2,1,0,0,2305843009213693967:31;2305843009213693973:3,Symbolica_default,cached_powers_Q,6,2,0.232,BalancedZippelSeparated
fire7_nb0_rank3097,Automatic,1,ok,184.271,38,2,1,0,0,2305843009213693967:35;2305843009213693973:3,Symbolica_default,cached_powers_Q,4,3,0.213,BalancedZippelSeparated
fire7_nb0_rank3098,Automatic,1,ok,157.831,35,2,1,0,0,2305843009213693967:32;2305843009213693973:3,Symbolica_default,cached_powers_Q,6,2,0.190,BalancedZippelSeparated
fire7_nb0_rank3099,Automatic,1,ok,162.121,35,2,1,0,0,2305843009213693967:32;2305843009213693973:3,Symbolica_default,cached_powers_Q,6,2,0.181,BalancedZippelSeparated
fire7_nb0_rank3100,Automatic,1,ok,222.131,46,2,1,0,0,2305843009213693967:43;2305843009213693973:3,Symbolica_default,cached_powers_Q,5,4,0.187,BalancedZippelSeparated
fire7_nb0_rank3101,Automatic,1,ok,135.661,34,2,1,0,0,2305843009213693967:31;2305843009213693973:3,Symbolica_default,cached_powers_Q,6,1,0.189,BalancedZippelSeparated
fire7_nb0_rank3102,Automatic,1,ok,139.301,34,2,1,0,0,2305843009213693967:31;2305843009213693973:3,Symbolica_default,cached_powers_Q,6,1,0.189,BalancedZippelSeparated
fire7_nb0_rank3103,Automatic,1,ok,333.021,40,2,1,0,0,2305843009213693967:37;2305843009213693973:3,Symbolica_default,cached_powers_Q,4,2,0.213,BalancedZippelSeparated
fire7_nb0_rank3104,Automatic,1,ok,162.980,40,2,1,0,0,2305843009213693967:37;2305843009213693973:3,Symbolica_default,cached_powers_Q,4,2,0.231,BalancedZippelSeparated
fire7_nb0_rank3105,Automatic,1,ok,175.291,40,2,1,0,0,2305843009213693967:37;2305843009213693973:3,Symbolica_default,cached_powers_Q,4,2,0.206,BalancedZippelSeparated
fire7_nb0_rank3106,Automatic,1,ok,274.651,40,2,1,0,0,2305843009213693967:37;2305843009213693973:3,Symbolica_default,cached_powers_Q,4,2,0.198,BalancedZippelSeparated
fire7_nb0_rank3107,Automatic,1,ok,200.160,37,2,1,0,0,2305843009213693967:34;2305843009213693973:3,Symbolica_default,cached_powers_Q,3,4,0.295,BalancedZippelSeparated
fire7_nb0_rank3108,Automatic,1,ok,153.330,38,2,1,0,0,2305843009213693967:35;2305843009213693973:3,Symbolica_default,cached_powers_Q,4,2,0.193,BalancedZippelSeparated
fire7_nb0_rank3109,Automatic,1,ok,224.071,37,2,1,0,0,2305843009213693967:34;2305843009213693973:3,Symbolica_default,cached_powers_Q,2,6,0.357,BalancedZippelSeparated
fire7_nb0_rank3110,Automatic,1,ok,189.600,37,2,1,0,0,2305843009213693967:34;2305843009213693973:3,Symbolica_default,cached_powers_Q,2,6,0.221,BalancedZippelSeparated
fire7_nb0_rank3111,Automatic,1,ok,171.791,38,2,1,0,0,2305843009213693967:35;2305843009213693973:3,Symbolica_default,cached_powers_Q,4,2,0.390,BalancedZippelSeparated
fire7_nb0_rank3112,Automatic,1,ok,193.571,37,2,1,0,0,2305843009213693967:34;2305843009213693973:3,Symbolica_default,cached_powers_Q,6,2,0.221,BalancedZippelSeparated
fire7_nb0_rank3113,Automatic,1,ok,218.220,37,2,1,0,0,2305843009213693967:34;2305843009213693973:3,Symbolica_default,cached_powers_Q,6,2,0.297,BalancedZippelSeparated
fire7_nb0_rank3114,Automatic,1,ok,173.521,39,2,1,0,0,2305843009213693967:36;2305843009213693973:3,Symbolica_default,cached_powers_Q,3,6,0.183,BalancedZippelSeparated
fire7_nb0_rank3115,Automatic,1,ok,157.850,37,2,1,0,0,2305843009213693967:34;2305843009213693973:3,Symbolica_default,cached_powers_Q,3,4,0.220,BalancedZippelSeparated
fire7_nb0_rank3116,Automatic,1,ok,189.130,41,2,1,0,0,2305843009213693967:38;2305843009213693973:3,Symbolica_default,cached_powers_Q,4,3,0.212,BalancedZippelSeparated
fire7_nb0_rank3117,Automatic,1,ok,150.740,39,2,1,0,0,2305843009213693967:36;2305843009213693973:3,Symbolica_default,cached_powers_Q,3,2,0.208,BalancedZippelSeparated
fire7_nb0_rank3118,Automatic,1,ok,230.011,35,2,1,0,0,2305843009213693967:32;2305843009213693973:3,Symbolica_default,cached_powers_Q,6,1,0.321,BalancedZippelSeparated
fire7_nb0_rank3119,Automatic,1,ok,293.171,35,2,1,0,0,2305843009213693967:32;2305843009213693973:3,Symbolica_default,cached_powers_Q,6,1,0.197,BalancedZippelSeparated
fire7_nb0_rank3120,Automatic,1,ok,170.760,37,2,1,0,0,2305843009213693967:34;2305843009213693973:3,Symbolica_default,cached_powers_Q,3,4,0.202,BalancedZippelSeparated
fire7_nb0_rank3121,Automatic,1,ok,154.300,36,2,1,0,0,2305843009213693967:33;2305843009213693973:3,Symbolica_default,cached_powers_Q,3,3,0.196,BalancedZippelSeparated
fire7_nb0_rank3122,Automatic,1,ok,213.361,40,2,1,0,0,2305843009213693967:37;2305843009213693973:3,Symbolica_default,cached_powers_Q,6,3,0.184,BalancedZippelSeparated
fire7_nb0_rank3123,Automatic,1,ok,184.770,38,2,1,0,0,2305843009213693967:35;2305843009213693973:3,Symbolica_default,cached_powers_Q,6,3,0.204,BalancedZippelSeparated
fire7_nb0_rank3124,Automatic,1,ok,174.031,40,2,1,0,0,2305843009213693967:37;2305843009213693973:3,Symbolica_default,cached_powers_Q,4,2,0.216,BalancedZippelSeparated
fire7_nb0_rank3125,Automatic,1,ok,178.091,36,2,1,0,0,2305843009213693967:33;2305843009213693973:3,Symbolica_default,cached_powers_Q,3,3,0.204,BalancedZippelSeparated
fire7_nb0_rank3126,Automatic,1,ok,168.190,44,2,1,0,0,2305843009213693967:41;2305843009213693973:3,Symbolica_default,cached_powers_Q,5,2,0.368,BalancedZippelSeparated
fire7_nb0_rank3127,Automatic,1,ok,149.341,37,2,1,0,0,2305843009213693967:34;2305843009213693973:3,Symbolica_default,cached_powers_Q,3,2,0.210,BalancedZippelSeparated
fire7_nb0_rank3128,Automatic,1,ok,146.691,37,2,1,0,0,2305843009213693967:34;2305843009213693973:3,Symbolica_default,cached_powers_Q,3,2,0.190,BalancedZippelSeparated
fire7_nb0_rank3129,Automatic,1,ok,137.980,39,2,1,0,0,2305843009213693967:36;2305843009213693973:3,Symbolica_default,cached_powers_Q,3,2,0.181,BalancedZippelSeparated
fire7_nb0_rank3130,Automatic,1,ok,170.411,35,2,1,0,0,2305843009213693967:32;2305843009213693973:3,Symbolica_default,cached_powers_Q,6,1,0.195,BalancedZippelSeparated
fire7_nb0_rank3131,Automatic,1,ok,361.461,35,2,1,0,0,2305843009213693967:32;2305843009213693973:3,Symbolica_default,cached_powers_Q,3,4,0.212,BalancedZippelSeparated
fire7_nb0_rank3132,Automatic,1,ok,178.541,35,2,1,0,0,2305843009213693967:32;2305843009213693973:3,Symbolica_default,cached_powers_Q,3,4,0.218,BalancedZippelSeparated
fire7_nb0_rank3133,Automatic,1,ok,166.791,35,2,1,0,0,2305843009213693967:32;2305843009213693973:3,Symbolica_default,cached_powers_Q,3,4,0.223,BalancedZippelSeparated
fire7_nb0_rank3134,Automatic,1,ok,166.261,35,2,1,0,0,2305843009213693967:32;2305843009213693973:3,Symbolica_default,cached_powers_Q,3,4,0.192,BalancedZippelSeparated
fire7_nb0_rank3135,Automatic,1,ok,140.530,36,2,1,0,0,2305843009213693967:33;2305843009213693973:3,Symbolica_default,cached_powers_Q,3,2,0.198,BalancedZippelSeparated
fire7_nb0_rank3136,Automatic,1,ok,153.530,36,2,1,0,0,2305843009213693967:33;2305843009213693973:3,Symbolica_default,cached_powers_Q,3,2,0.201,BalancedZippelSeparated
fire7_nb0_rank3137,Automatic,1,ok,169.211,35,2,1,0,0,2305843009213693967:32;2305843009213693973:3,Symbolica_default,cached_powers_Q,6,1,0.194,BalancedZippelSeparated
fire7_nb0_rank3138,Automatic,1,ok,198.320,34,2,1,0,0,2305843009213693967:31;2305843009213693973:3,Symbolica_default,cached_powers_Q,6,2,0.373,BalancedZippelSeparated
fire7_nb0_rank3139,Automatic,1,ok,174.530,35,2,1,0,0,2305843009213693967:32;2305843009213693973:3,Symbolica_default,cached_powers_Q,3,4,0.227,BalancedZippelSeparated
fire7_nb0_rank3140,Automatic,1,ok,203.751,37,2,1,0,0,2305843009213693967:34;2305843009213693973:3,Symbolica_default,cached_powers_Q,6,2,0.209,BalancedZippelSeparated
fire7_nb0_rank3141,Automatic,1,ok,186.241,34,2,1,0,0,2305843009213693967:31;2305843009213693973:3,Symbolica_default,cached_powers_Q,4,4,0.202,BalancedZippelSeparated
fire7_nb0_rank3142,Automatic,1,ok,133.991,33,2,1,0,0,2305843009213693967:30;2305843009213693973:3,Symbolica_default,cached_powers_Q,6,1,0.333,BalancedZippelSeparated
fire7_nb0_rank3143,Automatic,1,ok,159.920,35,2,1,0,0,2305843009213693967:32;2305843009213693973:3,Symbolica_default,cached_powers_Q,6,1,0.313,BalancedZippelSeparated
fire7_nb0_rank3144,Automatic,1,ok,170.230,35,2,1,0,0,2305843009213693967:32;2305843009213693973:3,Symbolica_default,cached_powers_Q,6,1,0.213,BalancedZippelSeparated
fire7_nb0_rank3145,Automatic,1,ok,172.061,35,2,1,0,0,2305843009213693967:32;2305843009213693973:3,Symbolica_default,cached_powers_Q,3,4,0.225,BalancedZippelSeparated
fire7_nb0_rank3146,Automatic,1,ok,341.031,35,2,1,0,0,2305843009213693967:32;2305843009213693973:3,Symbolica_default,cached_powers_Q,3,4,0.216,BalancedZippelSeparated
fire7_nb0_rank3147,Automatic,1,ok,173.730,36,2,1,0,0,2305843009213693967:33;2305843009213693973:3,Symbolica_default,cached_powers_Q,4,2,0.209,BalancedZippelSeparated
fire7_nb0_rank3148,Automatic,1,ok,133.011,34,2,1,0,0,2305843009213693967:31;2305843009213693973:3,Symbolica_default,cached_powers_Q,4,1,0.173,BalancedZippelSeparated
fire7_nb0_rank3149,Automatic,1,ok,130.550,34,2,1,0,0,2305843009213693967:31;2305843009213693973:3,Symbolica_default,cached_powers_Q,4,1,0.176,BalancedZippelSeparated
fire7_nb0_rank3150,Automatic,1,ok,216.241,35,2,1,0,0,2305843009213693967:32;2305843009213693973:3,Symbolica_default,cached_powers_Q,5,2,0.191,BalancedZippelSeparated
fire7_nb0_rank3151,Automatic,1,ok,167.481,35,2,1,0,0,2305843009213693967:32;2305843009213693973:3,Symbolica_default,cached_powers_Q,3,4,0.177,BalancedZippelSeparated
fire7_nb0_rank3152,Automatic,1,ok,367.352,35,2,1,0,0,2305843009213693967:32;2305843009213693973:3,Symbolica_default,cached_powers_Q,3,4,0.206,BalancedZippelSeparated
fire7_nb0_rank3153,Automatic,1,ok,180.470,35,2,1,0,0,2305843009213693967:32;2305843009213693973:3,Symbolica_default,cached_powers_Q,3,4,0.214,BalancedZippelSeparated
fire7_nb0_rank3154,Automatic,1,ok,319.701,34,2,1,0,0,2305843009213693967:31;2305843009213693973:3,Symbolica_default,cached_powers_Q,3,2,0.232,BalancedZippelSeparated
fire7_nb0_rank3155,Automatic,1,ok,150.661,34,2,1,0,0,2305843009213693967:31;2305843009213693973:3,Symbolica_default,cached_powers_Q,3,2,0.198,BalancedZippelSeparated
fire7_nb0_rank3156,Automatic,1,ok,182.170,35,2,1,0,0,2305843009213693967:32;2305843009213693973:3,Symbolica_default,cached_powers_Q,4,4,0.210,BalancedZippelSeparated
fire7_nb0_rank3157,Automatic,1,ok,167.010,32,2,1,0,0,2305843009213693967:29;2305843009213693973:3,Symbolica_default,cached_powers_Q,4,2,0.195,BalancedZippelSeparated
fire7_nb0_rank3158,Automatic,1,ok,148.021,43,2,1,0,0,2305843009213693967:40;2305843009213693973:3,Symbolica_default,cached_powers_Q,3,3,0.182,BalancedZippelSeparated
fire7_nb0_rank3159,Automatic,1,ok,172.260,34,2,1,0,0,2305843009213693967:31;2305843009213693973:3,Symbolica_default,cached_powers_Q,6,2,0.222,BalancedZippelSeparated
fire7_nb0_rank3160,Automatic,1,ok,173.430,35,2,1,0,0,2305843009213693967:32;2305843009213693973:3,Symbolica_default,cached_powers_Q,5,1,0.194,BalancedZippelSeparated
fire7_nb0_rank3161,Automatic,1,ok,172.401,35,2,1,0,0,2305843009213693967:32;2305843009213693973:3,Symbolica_default,cached_powers_Q,5,1,0.199,BalancedZippelSeparated
fire7_nb0_rank3162,Automatic,1,ok,164.090,35,2,1,0,0,2305843009213693967:32;2305843009213693973:3,Symbolica_default,cached_powers_Q,5,1,0.192,BalancedZippelSeparated
fire7_nb0_rank3163,Automatic,1,ok,141.030,39,2,1,0,0,2305843009213693967:36;2305843009213693973:3,Symbolica_default,cached_powers_Q,3,2,0.182,BalancedZippelSeparated
fire7_nb0_rank3164,Automatic,1,ok,165.501,35,2,1,0,0,2305843009213693967:32;2305843009213693973:3,Symbolica_default,cached_powers_Q,3,4,0.182,BalancedZippelSeparated
fire7_nb0_rank3165,Automatic,1,ok,317.781,35,2,1,0,0,2305843009213693967:32;2305843009213693973:3,Symbolica_default,cached_powers_Q,3,4,0.197,BalancedZippelSeparated
fire7_nb0_rank3166,Automatic,1,ok,202.511,37,2,1,0,0,2305843009213693967:34;2305843009213693973:3,Symbolica_default,cached_powers_Q,6,2,0.213,BalancedZippelSeparated
fire7_nb0_rank3167,Automatic,1,ok,234.871,37,2,1,0,0,2305843009213693967:34;2305843009213693973:3,Symbolica_default,cached_powers_Q,6,2,0.334,BalancedZippelSeparated
fire7_nb0_rank3168,Automatic,1,ok,159.591,42,2,1,0,0,2305843009213693967:39;2305843009213693973:3,Symbolica_default,cached_powers_Q,3,3,0.187,BalancedZippelSeparated
fire7_nb0_rank3169,Automatic,1,ok,164.571,35,2,1,0,0,2305843009213693967:32;2305843009213693973:3,Symbolica_default,cached_powers_Q,5,1,0.191,BalancedZippelSeparated
fire7_nb0_rank3170,Automatic,1,ok,141.450,37,2,1,0,0,2305843009213693967:34;2305843009213693973:3,Symbolica_default,cached_powers_Q,2,3,0.185,BalancedZippelSeparated
fire7_nb0_rank3171,Automatic,1,ok,149.381,37,2,1,0,0,2305843009213693967:34;2305843009213693973:3,Symbolica_default,cached_powers_Q,2,3,0.170,BalancedZippelSeparated
fire7_nb0_rank3172,Automatic,1,ok,134.301,34,2,1,0,0,2305843009213693967:31;2305843009213693973:3,Symbolica_default,cached_powers_Q,3,2,0.196,BalancedZippelSeparated
fire7_nb0_rank3173,Automatic,1,ok,215.850,40,2,1,0,0,2305843009213693967:37;2305843009213693973:3,Symbolica_default,cached_powers_Q,4,3,0.187,BalancedZippelSeparated
fire7_nb0_rank3174,Automatic,1,ok,141.530,34,2,1,0,0,2305843009213693967:31;2305843009213693973:3,Symbolica_default,cached_powers_Q,3,2,0.181,BalancedZippelSeparated
fire7_nb0_rank3175,Automatic,1,ok,288.501,34,2,1,0,0,2305843009213693967:31;2305843009213693973:3,Symbolica_default,cached_powers_Q,3,2,0.206,BalancedZippelSeparated
fire7_nb0_rank3176,Automatic,1,ok,194.301,36,2,1,0,0,2305843009213693967:33;2305843009213693973:3,Symbolica_default,cached_powers_Q,4,3,0.205,BalancedZippelSeparated
fire7_nb0_rank3177,Automatic,1,ok,157.440,34,2,1,0,0,2305843009213693967:31;2305843009213693973:3,Symbolica_default,cached_powers_Q,3,2,0.341,BalancedZippelSeparated
fire7_nb0_rank3178,Automatic,1,ok,152.211,34,2,1,0,0,2305843009213693967:31;2305843009213693973:3,Symbolica_default,cached_powers_Q,3,2,0.181,BalancedZippelSeparated
fire7_nb0_rank3179,Automatic,1,ok,140.031,34,2,1,0,0,2305843009213693967:31;2305843009213693973:3,Symbolica_default,cached_powers_Q,3,2,0.202,BalancedZippelSeparated
fire7_nb0_rank3180,Automatic,1,ok,128.741,33,2,1,0,0,2305843009213693967:30;2305843009213693973:3,Symbolica_default,cached_powers_Q,4,1,0.171,BalancedZippelSeparated
fire7_nb0_rank3181,Automatic,1,ok,159.771,34,2,1,0,0,2305843009213693967:31;2305843009213693973:3,Symbolica_default,cached_powers_Q,3,2,0.186,BalancedZippelSeparated
fire7_nb0_rank3182,Automatic,1,ok,152.641,34,2,1,0,0,2305843009213693967:31;2305843009213693973:3,Symbolica_default,cached_powers_Q,3,2,0.209,BalancedZippelSeparated
fire7_nb0_rank3183,Automatic,1,ok,175.341,36,2,1,0,0,2305843009213693967:33;2305843009213693973:3,Symbolica_default,cached_powers_Q,4,3,0.225,BalancedZippelSeparated
fire7_nb0_rank3184,Automatic,1,ok,182.180,36,2,1,0,0,2305843009213693967:33;2305843009213693973:3,Symbolica_default,cached_powers_Q,4,3,0.208,BalancedZippelSeparated
fire7_nb0_rank3185,Automatic,1,ok,145.850,42,2,1,0,0,2305843009213693967:39;2305843009213693973:3,Symbolica_default,cached_powers_Q,3,3,0.184,BalancedZippelSeparated
fire7_nb0_rank3186,Automatic,1,ok,153.570,34,2,1,0,0,2305843009213693967:31;2305843009213693973:3,Symbolica_default,cached_powers_Q,3,2,0.190,BalancedZippelSeparated
fire7_nb0_rank3187,Automatic,1,ok,177.661,33,2,1,0,0,2305843009213693967:30;2305843009213693973:3,Symbolica_default,cached_powers_Q,4,1,0.282,BalancedZippelSeparated
fire7_nb0_rank3188,Automatic,1,ok,126.941,32,2,1,0,0,2305843009213693967:29;2305843009213693973:3,Symbolica_default,cached_powers_Q,4,1,0.184,BalancedZippelSeparated
fire7_nb0_rank3189,Automatic,1,ok,192.441,34,2,1,0,0,2305843009213693967:31;2305843009213693973:3,Symbolica_default,cached_powers_Q,3,2,0.309,BalancedZippelSeparated
fire7_nb0_rank3190,Automatic,1,ok,167.860,35,2,1,0,0,2305843009213693967:32;2305843009213693973:3,Symbolica_default,cached_powers_Q,6,1,0.202,BalancedZippelSeparated
fire7_nb0_rank3191,Automatic,1,ok,157.661,34,2,1,0,0,2305843009213693967:31;2305843009213693973:3,Symbolica_default,cached_powers_Q,3,2,0.206,BalancedZippelSeparated
fire7_nb0_rank3192,Automatic,1,ok,138.460,33,2,1,0,0,2305843009213693967:30;2305843009213693973:3,Symbolica_default,cached_powers_Q,6,1,0.178,BalancedZippelSeparated
fire7_nb0_rank3193,Automatic,1,ok,151.081,31,2,1,0,0,2305843009213693967:28;2305843009213693973:3,Symbolica_default,cached_powers_Q,4,1,0.321,BalancedZippelSeparated
fire7_nb0_rank3194,Automatic,1,ok,148.560,34,2,1,0,0,2305843009213693967:31;2305843009213693973:3,Symbolica_default,cached_powers_Q,3,2,0.202,BalancedZippelSeparated
fire7_nb0_rank3195,Automatic,1,ok,235.891,31,2,1,0,0,2305843009213693967:28;2305843009213693973:3,Symbolica_default,cached_powers_Q,4,1,0.174,BalancedZippelSeparated
fire7_nb0_rank3196,Automatic,1,ok,139.411,34,2,1,0,0,2305843009213693967:31;2305843009213693973:3,Symbolica_default,cached_powers_Q,3,2,0.187,BalancedZippelSeparated
fire7_nb0_rank3197,Automatic,1,ok,266.691,33,2,1,0,0,2305843009213693967:30;2305843009213693973:3,Symbolica_default,cached_powers_Q,6,1,0.190,BalancedZippelSeparated
fire7_nb0_rank3198,Automatic,1,ok,161.640,31,2,1,0,0,2305843009213693967:28;2305843009213693973:3,Symbolica_default,cached_powers_Q,4,1,0.197,BalancedZippelSeparated
fire7_nb0_rank3199,Automatic,1,ok,157.171,34,2,1,0,0,2305843009213693967:31;2305843009213693973:3,Symbolica_default,cached_powers_Q,3,2,0.207,BalancedZippelSeparated
fire7_nb0_rank3200,Automatic,1,ok,143.460,31,2,1,0,0,2305843009213693967:28;2305843009213693973:3,Symbolica_default,cached_powers_Q,4,1,0.215,BalancedZippelSeparated
fire7_nb0_rank3201,Automatic,1,ok,147.440,32,2,1,0,0,2305843009213693967:29;2305843009213693973:3,Symbolica_default,cached_powers_Q,4,1,0.313,BalancedZippelSeparated
fire7_nb0_rank3202,Automatic,1,ok,138.111,30,2,1,0,0,2305843009213693967:27;2305843009213693973:3,Symbolica_default,cached_powers_Q,4,1,0.357,BalancedZippelSeparated
fire7_nb0_rank3203,Automatic,1,ok,160.821,31,2,1,0,0,2305843009213693967:28;2305843009213693973:3,Symbolica_default,cached_powers_Q,4,1,0.182,BalancedZippelSeparated
fire7_nb0_rank3204,Automatic,1,ok,164.781,34,2,1,0,0,2305843009213693967:31;2305843009213693973:3,Symbolica_default,cached_powers_Q,3,2,0.208,BalancedZippelSeparated
fire7_nb0_rank3205,Automatic,1,ok,162.561,34,2,1,0,0,2305843009213693967:31;2305843009213693973:3,Symbolica_default,cached_powers_Q,3,2,0.218,BalancedZippelSeparated
fire7_nb0_rank3206,Automatic,1,ok,150.930,34,2,1,0,0,2305843009213693967:31;2305843009213693973:3,Symbolica_default,cached_powers_Q,3,2,0.193,BalancedZippelSeparated
fire7_nb0_rank3207,Automatic,1,ok,124.811,31,2,1,0,0,2305843009213693967:28;2305843009213693973:3,Symbolica_default,cached_powers_Q,4,1,0.188,BalancedZippelSeparated
fire7_nb0_rank3208,Automatic,1,ok,146.261,32,2,1,0,0,2305843009213693967:29;2305843009213693973:3,Symbolica_default,cached_powers_Q,3,2,0.347,BalancedZippelSeparated
fire7_nb0_rank3209,Automatic,1,ok,144.300,31,2,1,0,0,2305843009213693967:28;2305843009213693973:3,Symbolica_default,cached_powers_Q,4,1,0.326,BalancedZippelSeparated
fire7_nb0_rank3210,Automatic,1,ok,159.051,34,2,1,0,0,2305843009213693967:31;2305843009213693973:3,Symbolica_default,cached_powers_Q,3,2,0.220,BalancedZippelSeparated
fire7_nb0_rank3211,Automatic,1,ok,283.801,34,2,1,0,0,2305843009213693967:31;2305843009213693973:3,Symbolica_default,cached_powers_Q,3,2,0.222,BalancedZippelSeparated
fire7_nb0_rank3212,Automatic,1,ok,141.921,31,2,1,0,0,2305843009213693967:28;2305843009213693973:3,Symbolica_default,cached_powers_Q,4,1,0.201,BalancedZippelSeparated
fire7_nb0_rank3213,Automatic,1,ok,151.710,32,2,1,0,0,2305843009213693967:29;2305843009213693973:3,Symbolica_default,cached_powers_Q,3,2,0.180,BalancedZippelSeparated
fire7_nb0_rank3214,Automatic,1,ok,306.921,32,2,1,0,0,2305843009213693967:29;2305843009213693973:3,Symbolica_default,cached_powers_Q,3,2,0.169,BalancedZippelSeparated
fire7_nb0_rank3215,Automatic,1,ok,146.741,32,2,1,0,0,2305843009213693967:29;2305843009213693973:3,Symbolica_default,cached_powers_Q,3,2,0.327,BalancedZippelSeparated
fire7_nb0_rank3216,Automatic,1,ok,152.380,32,2,1,0,0,2305843009213693967:29;2305843009213693973:3,Symbolica_default,cached_powers_Q,3,2,0.185,BalancedZippelSeparated
fire7_nb0_rank3217,Automatic,1,ok,286.531,32,2,1,0,0,2305843009213693967:29;2305843009213693973:3,Symbolica_default,cached_powers_Q,3,2,0.213,BalancedZippelSeparated
fire7_nb0_rank3218,Automatic,1,ok,196.101,37,2,1,0,0,2305843009213693967:34;2305843009213693973:3,Symbolica_default,cached_powers_Q,2,3,0.201,BalancedZippelSeparated
fire7_nb0_rank3219,Automatic,1,ok,149.910,32,2,1,0,0,2305843009213693967:29;2305843009213693973:3,Symbolica_default,cached_powers_Q,3,2,0.312,BalancedZippelSeparated
fire7_nb0_rank3220,Automatic,1,ok,138.221,33,2,1,0,0,2305843009213693967:30;2305843009213693973:3,Symbolica_default,cached_powers_Q,3,2,0.178,BalancedZippelSeparated
fire7_nb0_rank3221,Automatic,1,ok,148.421,33,2,1,0,0,2305843009213693967:30;2305843009213693973:3,Symbolica_default,cached_powers_Q,3,2,0.331,BalancedZippelSeparated
fire7_nb0_rank3222,Automatic,1,ok,155.121,33,2,1,0,0,2305843009213693967:30;2305843009213693973:3,Symbolica_default,cached_powers_Q,3,2,0.201,BalancedZippelSeparated
fire7_nb0_rank3223,Automatic,1,ok,156.410,32,2,1,0,0,2305843009213693967:29;2305843009213693973:3,Symbolica_default,cached_powers_Q,3,2,0.213,BalancedZippelSeparated
fire7_nb0_rank3224,Automatic,1,ok,175.380,35,2,1,0,0,2305843009213693967:32;2305843009213693973:3,Symbolica_default,cached_powers_Q,5,1,0.189,BalancedZippelSeparated
fire7_nb0_rank3225,Automatic,1,ok,390.941,40,2,1,0,0,2305843009213693967:37;2305843009213693973:3,Symbolica_default,cached_powers_Q,5,3,0.208,BalancedZippelSeparated
fire7_nb0_rank3226,Automatic,1,ok,129.581,30,2,1,0,0,2305843009213693967:27;2305843009213693973:3,Symbolica_default,cached_powers_Q,4,1,0.186,BalancedZippelSeparated
fire7_nb0_rank3227,Automatic,1,ok,147.511,32,2,1,0,0,2305843009213693967:29;2305843009213693973:3,Symbolica_default,cached_powers_Q,3,2,0.176,BalancedZippelSeparated
fire7_nb0_rank3228,Automatic,1,ok,144.100,32,2,1,0,0,2305843009213693967:29;2305843009213693973:3,Symbolica_default,cached_powers_Q,3,2,0.175,BalancedZippelSeparated
fire7_nb0_rank3229,Automatic,1,ok,144.140,32,2,1,0,0,2305843009213693967:29;2305843009213693973:3,Symbolica_default,cached_powers_Q,3,2,0.168,BalancedZippelSeparated
fire7_nb0_rank3230,Automatic,1,ok,155.101,32,2,1,0,0,2305843009213693967:29;2305843009213693973:3,Symbolica_default,cached_powers_Q,3,2,0.220,BalancedZippelSeparated
fire7_nb0_rank3231,Automatic,1,ok,168.821,32,2,1,0,0,2305843009213693967:29;2305843009213693973:3,Symbolica_default,cached_powers_Q,3,2,0.232,BalancedZippelSeparated
fire7_nb0_rank3232,Automatic,1,ok,158.310,41,2,1,0,0,2305843009213693967:38;2305843009213693973:3,Symbolica_default,cached_powers_Q,3,3,0.207,BalancedZippelSeparated
fire7_nb0_rank3233,Automatic,1,ok,147.371,32,2,1,0,0,2305843009213693967:29;2305843009213693973:3,Symbolica_default,cached_powers_Q,3,2,0.171,BalancedZippelSeparated
fire7_nb0_rank3234,Automatic,1,ok,139.400,32,2,1,0,0,2305843009213693967:29;2305843009213693973:3,Symbolica_default,cached_powers_Q,3,2,0.193,BalancedZippelSeparated
fire7_nb0_rank3235,Automatic,1,ok,138.590,32,2,1,0,0,2305843009213693967:29;2305843009213693973:3,Symbolica_default,cached_powers_Q,3,2,0.191,BalancedZippelSeparated
fire7_nb0_rank3236,Automatic,1,ok,139.461,32,2,1,0,0,2305843009213693967:29;2305843009213693973:3,Symbolica_default,cached_powers_Q,3,2,0.189,BalancedZippelSeparated
fire7_nb0_rank3237,Automatic,1,ok,162.641,32,2,1,0,0,2305843009213693967:29;2305843009213693973:3,Symbolica_default,cached_powers_Q,3,2,0.213,BalancedZippelSeparated
fire7_nb0_rank3238,Automatic,1,ok,299.992,36,2,1,0,0,2305843009213693967:33;2305843009213693973:3,Symbolica_default,cached_powers_Q,3,1,0.188,BalancedZippelSeparated
fire7_nb0_rank3239,Automatic,1,ok,197.241,37,2,1,0,0,2305843009213693967:34;2305843009213693973:3,Symbolica_default,cached_powers_Q,5,2,0.216,BalancedZippelSeparated
fire7_nb0_rank3240,Automatic,1,ok,148.961,38,2,1,0,0,2305843009213693967:35;2305843009213693973:3,Symbolica_default,cached_powers_Q,3,3,0.177,BalancedZippelSeparated
fire7_nb0_rank3241,Automatic,1,ok,153.751,32,2,1,0,0,2305843009213693967:29;2305843009213693973:3,Symbolica_default,cached_powers_Q,3,2,0.190,BalancedZippelSeparated
fire7_nb0_rank3242,Automatic,1,ok,135.410,32,2,1,0,0,2305843009213693967:29;2305843009213693973:3,Symbolica_default,cached_powers_Q,3,2,0.183,BalancedZippelSeparated
fire7_nb0_rank3243,Automatic,1,ok,150.570,32,2,1,0,0,2305843009213693967:29;2305843009213693973:3,Symbolica_default,cached_powers_Q,3,2,0.201,BalancedZippelSeparated
fire7_nb0_rank3244,Automatic,1,ok,197.451,38,2,1,0,0,2305843009213693967:35;2305843009213693973:3,Symbolica_default,cached_powers_Q,2,3,0.217,BalancedZippelSeparated
fire7_nb0_rank3245,Automatic,1,ok,125.191,34,2,1,0,0,2305843009213693967:31;2305843009213693973:3,Symbolica_default,cached_powers_Q,3,1,0.211,BalancedZippelSeparated
fire7_nb0_rank3246,Automatic,1,ok,321.251,35,2,1,0,0,2305843009213693967:32;2305843009213693973:3,Symbolica_default,cached_powers_Q,5,1,0.179,BalancedZippelSeparated
fire7_nb0_rank3247,Automatic,1,ok,161.230,35,2,1,0,0,2305843009213693967:32;2305843009213693973:3,Symbolica_default,cached_powers_Q,5,1,0.270,BalancedZippelSeparated
fire7_nb0_rank3248,Automatic,1,ok,118.661,32,2,1,0,0,2305843009213693967:29;2305843009213693973:3,Symbolica_default,cached_powers_Q,4,1,0.151,BalancedZippelSeparated
fire7_nb0_rank3249,Automatic,1,ok,142.991,34,2,1,0,0,2305843009213693967:31;2305843009213693973:3,Symbolica_default,cached_powers_Q,3,1,0.257,BalancedZippelSeparated
fire7_nb0_rank3250,Automatic,1,ok,127.571,35,2,1,0,0,2305843009213693967:32;2305843009213693973:3,Symbolica_default,cached_powers_Q,2,3,0.155,BalancedZippelSeparated
fire7_nb0_rank3251,Automatic,1,ok,112.371,20,2,1,0,0,2305843009213693967:17;2305843009213693973:3,Symbolica_default,cached_powers_Q,3,2,0.174,BalancedZippelSeparated
fire7_nb0_rank3252,Automatic,1,ok,166.521,33,2,1,0,0,2305843009213693967:30;2305843009213693973:3,Symbolica_default,cached_powers_Q,4,2,0.167,BalancedZippelSeparated
fire7_nb0_rank3253,Automatic,1,ok,276.161,35,2,1,0,0,2305843009213693967:32;2305843009213693973:3,Symbolica_default,cached_powers_Q,2,3,0.170,BalancedZippelSeparated
fire7_nb0_rank3254,Automatic,1,ok,138.250,30,2,1,0,0,2305843009213693967:27;2305843009213693973:3,Symbolica_default,cached_powers_Q,4,1,0.208,BalancedZippelSeparated
fire7_nb0_rank3255,Automatic,1,ok,150.141,35,2,1,0,0,2305843009213693967:32;2305843009213693973:3,Symbolica_default,cached_powers_Q,2,3,0.201,BalancedZippelSeparated
fire7_nb0_rank3256,Automatic,1,ok,262.201,35,2,1,0,0,2305843009213693967:32;2305843009213693973:3,Symbolica_default,cached_powers_Q,2,3,0.199,BalancedZippelSeparated
fire7_nb0_rank3257,Automatic,1,ok,169.960,35,2,1,0,0,2305843009213693967:32;2305843009213693973:3,Symbolica_default,cached_powers_Q,5,1,0.182,BalancedZippelSeparated
fire7_nb0_rank3258,Automatic,1,ok,127.600,31,2,1,0,0,2305843009213693967:28;2305843009213693973:3,Symbolica_default,cached_powers_Q,2,2,0.196,BalancedZippelSeparated
fire7_nb0_rank3259,Automatic,1,ok,173.341,36,2,1,0,0,2305843009213693967:33;2305843009213693973:3,Symbolica_default,cached_powers_Q,1,3,0.280,BalancedZippelSeparated
fire7_nb0_rank3260,Automatic,1,ok,102.651,34,2,1,0,0,2305843009213693967:31;2305843009213693973:3,Symbolica_default,cached_powers_Q,3,1,0.169,BalancedZippelSeparated
fire7_nb0_rank3261,Automatic,1,ok,119.761,20,2,1,0,0,2305843009213693967:17;2305843009213693973:3,Symbolica_default,cached_powers_Q,3,2,0.157,BalancedZippelSeparated
fire7_nb0_rank3262,Automatic,1,ok,110.730,34,2,1,0,0,2305843009213693967:31;2305843009213693973:3,Symbolica_default,cached_powers_Q,3,1,0.164,BalancedZippelSeparated
fire7_nb0_rank3263,Automatic,1,ok,171.531,35,2,1,0,0,2305843009213693967:32;2305843009213693973:3,Symbolica_default,cached_powers_Q,2,3,0.273,BalancedZippelSeparated
fire7_nb0_rank3264,Automatic,1,ok,132.870,35,2,1,0,0,2305843009213693967:32;2305843009213693973:3,Symbolica_default,cached_powers_Q,3,2,0.166,BalancedZippelSeparated
fire7_nb0_rank3265,Automatic,1,ok,148.120,35,2,1,0,0,2305843009213693967:32;2305843009213693973:3,Symbolica_default,cached_powers_Q,2,3,0.196,BalancedZippelSeparated
fire7_nb0_rank3266,Automatic,1,ok,134.951,29,2,1,0,0,2305843009213693967:26;2305843009213693973:3,Symbolica_default,cached_powers_Q,2,2,0.170,BalancedZippelSeparated
fire7_nb0_rank3267,Automatic,1,ok,136.730,35,2,1,0,0,2305843009213693967:32;2305843009213693973:3,Symbolica_default,cached_powers_Q,1,3,0.170,BalancedZippelSeparated
fire7_nb0_rank3268,Automatic,1,ok,139.861,30,2,1,0,0,2305843009213693967:27;2305843009213693973:3,Symbolica_default,cached_powers_Q,2,2,0.192,BalancedZippelSeparated
fire7_nb0_rank3269,Automatic,1,ok,140.620,29,2,1,0,0,2305843009213693967:26;2305843009213693973:3,Symbolica_default,cached_powers_Q,2,2,0.303,BalancedZippelSeparated
fire7_nb0_rank3270,Automatic,1,ok,109.711,31,2,1,0,0,2305843009213693967:28;2305843009213693973:3,Symbolica_default,cached_powers_Q,2,1,0.172,BalancedZippelSeparated
fire7_nb0_rank3271,Automatic,1,ok,131.070,29,2,1,0,0,2305843009213693967:26;2305843009213693973:3,Symbolica_default,cached_powers_Q,2,2,0.316,BalancedZippelSeparated
fire7_nb0_rank3272,Automatic,1,ok,138.081,29,2,1,0,0,2305843009213693967:26;2305843009213693973:3,Symbolica_default,cached_powers_Q,2,2,0.170,BalancedZippelSeparated
fire7_nb0_rank3273,Automatic,1,ok,127.901,33,2,1,0,0,2305843009213693967:30;2305843009213693973:3,Symbolica_default,cached_powers_Q,1,3,0.165,BalancedZippelSeparated
fire7_nb0_rank3274,Automatic,1,ok,111.741,20,2,1,0,0,2305843009213693967:17;2305843009213693973:3,Symbolica_default,cached_powers_Q,3,2,0.186,BalancedZippelSeparated
fire7_nb0_rank3275,Automatic,1,ok,140.571,33,2,1,0,0,2305843009213693967:30;2305843009213693973:3,Symbolica_default,cached_powers_Q,1,3,0.171,BalancedZippelSeparated
fire7_nb0_rank3276,Automatic,1,ok,138.740,34,2,1,0,0,2305843009213693967:31;2305843009213693973:3,Symbolica_default,cached_powers_Q,3,2,0.207,BalancedZippelSeparated
fire7_nb0_rank3277,Automatic,1,ok,256.511,34,2,1,0,0,2305843009213693967:31;2305843009213693973:3,Symbolica_default,cached_powers_Q,3,2,0.196,BalancedZippelSeparated
fire7_nb0_rank3278,Automatic,1,ok,306.881,29,2,1,0,0,2305843009213693967:26;2305843009213693973:3,Symbolica_default,cached_powers_Q,2,2,0.187,BalancedZippelSeparated
fire7_nb0_rank3279,Automatic,1,ok,148.280,29,2,1,0,0,2305843009213693967:26;2305843009213693973:3,Symbolica_default,cached_powers_Q,2,2,0.193,BalancedZippelSeparated
fire7_nb0_rank3280,Automatic,1,ok,104.720,20,2,1,0,0,2305843009213693967:17;2305843009213693973:3,Symbolica_default,cached_powers_Q,3,2,0.184,BalancedZippelSeparated
fire7_nb0_rank3281,Automatic,1,ok,126.130,31,2,1,0,0,2305843009213693967:28;2305843009213693973:3,Symbolica_default,cached_powers_Q,2,2,0.170,BalancedZippelSeparated
fire7_nb0_rank3282,Automatic,1,ok,118.370,18,2,1,0,0,2305843009213693967:15;2305843009213693973:3,Symbolica_default,cached_powers_Q,2,2,0.176,BalancedZippelSeparated
fire7_nb0_rank3283,Automatic,1,ok,101.770,28,2,1,0,0,2305843009213693967:25;2305843009213693973:3,Symbolica_default,cached_powers_Q,2,1,0.167,BalancedZippelSeparated
fire7_nb0_rank3284,Automatic,1,ok,102.570,28,2,1,0,0,2305843009213693967:25;2305843009213693973:3,Symbolica_default,cached_powers_Q,2,1,0.160,BalancedZippelSeparated
fire7_nb0_rank3285,Automatic,1,ok,146.700,35,2,1,0,0,2305843009213693967:32;2305843009213693973:3,Symbolica_default,cached_powers_Q,2,3,0.176,BalancedZippelSeparated
fire7_nb0_rank3286,Automatic,1,ok,134.461,18,2,1,0,0,2305843009213693967:15;2305843009213693973:3,Symbolica_default,cached_powers_Q,2,2,0.197,BalancedZippelSeparated
fire7_nb0_rank3287,Automatic,1,ok,134.330,31,2,1,0,0,2305843009213693967:28;2305843009213693973:3,Symbolica_default,cached_powers_Q,2,2,0.186,BalancedZippelSeparated
fire7_nb0_rank3288,Automatic,1,ok,142.910,35,2,1,0,0,2305843009213693967:32;2305843009213693973:3,Symbolica_default,cached_powers_Q,2,3,0.181,BalancedZippelSeparated
fire7_nb0_rank3289,Automatic,1,ok,124.610,18,2,1,0,0,2305843009213693967:15;2305843009213693973:3,Symbolica_default,cached_powers_Q,2,2,0.194,BalancedZippelSeparated
fire7_nb0_rank3290,Automatic,1,ok,112.231,18,2,1,0,0,2305843009213693967:15;2305843009213693973:3,Symbolica_default,cached_powers_Q,2,2,0.171,BalancedZippelSeparated
fire7_nb0_rank3291,Automatic,1,ok,111.751,28,2,1,0,0,2305843009213693967:25;2305843009213693973:3,Symbolica_default,cached_powers_Q,2,1,0.169,BalancedZippelSeparated
fire7_nb0_rank3292,Automatic,1,ok,134.320,35,2,1,0,0,2305843009213693967:32;2305843009213693973:3,Symbolica_default,cached_powers_Q,2,3,0.159,BalancedZippelSeparated
fire7_nb0_rank3293,Automatic,1,ok,150.711,28,2,1,0,0,2305843009213693967:25;2305843009213693973:3,Symbolica_default,cached_powers_Q,2,1,0.276,BalancedZippelSeparated
fire7_nb0_rank3294,Automatic,1,ok,108.380,28,2,1,0,0,2305843009213693967:25;2305843009213693973:3,Symbolica_default,cached_powers_Q,2,1,0.194,BalancedZippelSeparated
fire7_nb0_rank3295,Automatic,1,ok,231.821,31,2,1,0,0,2305843009213693967:28;2305843009213693973:3,Symbolica_default,cached_powers_Q,2,2,0.175,BalancedZippelSeparated
fire7_nb0_rank3296,Automatic,1,ok,99.190,18,2,1,0,0,2305843009213693967:15;2305843009213693973:3,Symbolica_default,cached_powers_Q,1,2,0.148,BalancedZippelSeparated
fire7_nb0_rank3297,Automatic,1,ok,110.010,28,2,1,0,0,2305843009213693967:25;2305843009213693973:3,Symbolica_default,cached_powers_Q,2,1,0.146,BalancedZippelSeparated
fire7_nb0_rank3298,Automatic,1,ok,102.500,28,2,1,0,0,2305843009213693967:25;2305843009213693973:3,Symbolica_default,cached_powers_Q,2,1,0.176,BalancedZippelSeparated
fire7_nb0_rank3299,Automatic,1,ok,210.961,31,2,1,0,0,2305843009213693967:28;2305843009213693973:3,Symbolica_default,cached_powers_Q,2,2,0.255,BalancedZippelSeparated
fire7_nb0_rank3300,Automatic,1,ok,131.930,28,2,1,0,0,2305843009213693967:25;2305843009213693973:3,Symbolica_default,cached_powers_Q,1,1,0.215,BalancedZippelSeparated
fire7_nb0_rank3301,Automatic,1,ok,153.620,28,2,1,0,0,2305843009213693967:25;2305843009213693973:3,Symbolica_default,cached_powers_Q,2,1,0.204,BalancedZippelSeparated
fire7_nb0_rank3302,Automatic,1,ok,142.270,28,2,1,0,0,2305843009213693967:25;2305843009213693973:3,Symbolica_default,cached_powers_Q,2,1,0.222,BalancedZippelSeparated
fire7_nb0_rank3303,Automatic,1,ok,108.510,28,2,1,0,0,2305843009213693967:25;2305843009213693973:3,Symbolica_default,cached_powers_Q,2,1,0.165,BalancedZippelSeparated
fire7_nb0_rank3304,Automatic,1,ok,114.750,28,2,1,0,0,2305843009213693967:25;2305843009213693973:3,Symbolica_default,cached_powers_Q,2,1,0.180,BalancedZippelSeparated
fire7_nb0_rank3305,Automatic,1,ok,87.420,16,2,1,0,0,2305843009213693967:13;2305843009213693973:3,Symbolica_default,cached_powers_Q,2,1,0.302,BalancedZippelSeparated
fire7_nb0_rank3306,Automatic,1,ok,116.881,28,2,1,0,0,2305843009213693967:25;2305843009213693973:3,Symbolica_default,cached_powers_Q,2,1,0.162,BalancedZippelSeparated
fire7_nb0_rank3307,Automatic,1,ok,90.800,16,2,1,0,0,2305843009213693967:13;2305843009213693973:3,Symbolica_default,cached_powers_Q,2,1,0.149,BalancedZippelSeparated
fire7_nb0_rank3308,Automatic,1,ok,117.710,25,2,1,0,0,2305843009213693967:22;2305843009213693973:3,Symbolica_default,cached_powers_Q,1,1,0.141,BalancedZippelSeparated
fire7_nb0_rank3309,Automatic,1,ok,111.351,25,2,1,0,0,2305843009213693967:22;2305843009213693973:3,Symbolica_default,cached_powers_Q,1,1,0.120,BalancedZippelSeparated
fire7_nb0_rank3310,Automatic,1,ok,147.400,25,2,1,0,0,2305843009213693967:22;2305843009213693973:3,Symbolica_default,cached_powers_Q,1,1,0.165,BalancedZippelSeparated
fire7_nb0_rank3311,Automatic,1,ok,123.751,16,2,1,0,0,2305843009213693967:13;2305843009213693973:3,Symbolica_default,cached_powers_Q,2,1,0.147,BalancedZippelSeparated
fire7_nb0_rank3312,Automatic,1,ok,96.600,16,2,1,0,0,2305843009213693967:13;2305843009213693973:3,Symbolica_default,cached_powers_Q,2,1,0.101,BalancedZippelSeparated
fire7_nb0_rank3313,Automatic,1,ok,93.880,16,2,1,0,0,2305843009213693967:13;2305843009213693973:3,Symbolica_default,cached_powers_Q,2,1,0.095,BalancedZippelSeparated
fire7_nb0_rank3314,Automatic,1,ok,99.390,16,2,1,0,0,2305843009213693967:13;2305843009213693973:3,Symbolica_default,cached_powers_Q,2,1,0.092,BalancedZippelSeparated
fire7_nb0_rank3315,Automatic,1,ok,93.840,16,2,1,0,0,2305843009213693967:13;2305843009213693973:3,Symbolica_default,cached_powers_Q,2,1,0.088,BalancedZippelSeparated
fire7_nb0_rank3316,Automatic,1,ok,92.371,16,2,1,0,0,2305843009213693967:13;2305843009213693973:3,Symbolica_default,cached_powers_Q,2,1,0.084,BalancedZippelSeparated
fire7_nb0_rank3317,Automatic,1,ok,229.731,16,2,1,0,0,2305843009213693967:13;2305843009213693973:3,Symbolica_default,cached_powers_Q,2,1,0.077,BalancedZippelSeparated
fire7_nb0_rank3318,Automatic,1,ok,82.511,14,2,1,0,0,2305843009213693967:11;2305843009213693973:3,Symbolica_default,cached_powers_Q,1,1,0.068,BalancedZippelSeparated
fire7_nb0_rank3319,Automatic,1,ok,82.161,14,2,1,0,0,2305843009213693967:11;2305843009213693973:3,Symbolica_default,cached_powers_Q,1,1,0.050,BalancedZippelSeparated
